level 1   HELLO WORLD horizontal 2

 0, 0, 0, 0, 0, 0, 0, 0, 0, 0, 0, 2, 3, 2, 3, 2, 3, 1, 0, 0, 0, 0, 0, 0, 0, 0, 0, 0,
 0, 0, 0, 0, 0, 0, 0, 0, 0, 0, 0, 0, 2, 3, 2, 3, 1, 0, 0, 0, 0, 0, 0, 0, 0, 0, 0, 0,
 0, 0, 0, 0, 0, 0, 0, 0, 0, 0, 0, 0, 0, 2, 3, 1, 9, 0, 0, 0, 0, 0, 0, 0, 0, 0, 0, 0,
 0, 0, 0, 0, 0, 0, 0, 0, 0, 0, 0, 0, 0, 5, 2, 3, 0, 0, 0, 0, 0, 0, 0, 0, 0, 0, 0, 0,
 0, 0, 0, 0, 0, 0, 0, 0, 0, 0, 0, 0, 0, 2, 3, 1, 0, 0, 0, 0, 0, 0, 0, 0, 0, 0, 0, 0,
 0, 0, 0, 0, 0, 0, 0, 0, 6, 0, 0, 0, 0, 5, 2, 3, 0, 0, 0, 0, 0,PL, 0, 0, 0, 0, 0, 0,
 0, 2, 3, 2, 3, 2, 3, 1, 6, 2, 3, 2, 3, 2, 3, 2, 3, 2, 3, 2, 3, 2, 3, 2, 3, 2, 3, 0,
 0, 0, 0, 0, 2, 3, 1, 0, 6, 0, 0, 0, 0, 0, 0, 0, 0, 5, 2, 3, 0, 5, 2, 3, 2, 3, 0, 0,
 0, 0, 0, 9, 5, 2, 9, 0, 6, 0, 0, 0, 0, 0, 0, 0, 0, 9, 5, 1, 0, 9, 5, 4,10, 9, 0, 0,
 0, 0, 0, 0, 2, 3, 0, 0, 6, 0, 0, 0, 0, 0, 0, 0, 0, 0, 2, 3, 0, 0, 2, 3, 0, 0, 0, 0,
 0, 0, 0, 0, 5, 2, 0, 2, 3, 5, 0, 0, 0, 0, 0, 0, 0, 0, 5, 2, 3, 0, 5, 4, 0, 0, 0, 0,
 0, 0, 0,11, 2, 3, 0, 0, 2, 3, 0, 0, 0, 0, 0, 0, 0, 0, 2, 3, 0, 0, 2, 3, 0, 0, 0, 0,
 0, 0, 0, 0,10, 0, 0, 0, 0,10, 0, 0, 0, 0, 0, 0, 0, 0,10, 0, 0, 0,10, 9, 0, 0, 0, 0,
 0, 0, 0, 0, 0, 0, 0, 0, 0, 0, 0, 0, 0, 0, 0, 0, 0, 0, 0, 0, 0, 0, 0, 0, 0, 0, 0, 0,
 0, 0, 0, 0, 2, 3, 2, 3, 2, 3, 2, 3, 2, 3, 2, 3, 2, 3, 2, 3, 2, 3, 2, 3, 0, 0, 0, 0,
 0, 0, 0, 0, 0, 2, 3, 2, 3, 2, 3, 2, 3, 2, 3, 2, 3, 2, 3, 2, 3, 2, 3, 0, 0, 0, 0, 0,
 0, 0, 0, 0, 0, 0, 0,10, 9,10,10, 0, 0, 0, 9,10,10, 0, 0, 0, 0, 0,10, 0, 0, 0, 0, 0,
 0, 0, 0, 0, 0, 0, 0, 0, 0, 0, 0, 0, 0, 0, 0, 0, 0, 0, 0, 0, 0, 0, 0, 0, 0, 0, 0, 0,
16,16,16,16,16,16,16,16,16,16,16,16,16,16,16,16,16,16,16,16,16,16,16,16,16,16,16,16,
17,18,17,18,17,18,17,18,17,18,17,18,17,18,17,18,17,18,17,18,17,18,17,18,17,18,17,18,







level 2   promenade horizontal 2






 0, 0, 0, 0, 0, 0, 0, 0, 0, 0, 0, 0, 0, 0, 0, 0, 0, 0, 0, 0, 0, 0, 0, 0, 0, 0, 0, 0,
 0, 0, 0, 0, 0, 0, 0, 0, 0, 0, 0, 0, 0, 0, 0, 0, 0, 0, 0, 0, 0, 0, 0, 0, 0, 0, 0, 0,
 0, 0, 0, 0, 0, 0, 0, 0, 0, 0, 0, 0, 0, 0, 0, 0, 0, 0, 0, 0, 0, 0, 0, 0, 0, 0, 0, 0,
 0, 0, 0, 0, 6,PL, 0, 0, 0, 0, 0, 0, 0, 0, 0, 0, 0, 0, 0, 0, 0,i1, 0, 0,i1, 0, 0, 0,
 0,11, 2, 3, 6, 2, 3, 2, 3, 0, 0, 0, 0, 0, 0, 0, 0, 0, 0,11, 2, 3, 2, 3, 2, 3, 0, 0,
 0, 0, 0, 0, 6, 0, 0, 0, 0, 0, 0, 0, 0, 0, 0, 0, 0, 0, 0, 0, 0, 0, 0, 0, 0, 0, 0, 0,
 0, 0, 0, 0, 6, 0, 0, 0, 0, 0, 0, 0, 0, 0, 0, 0, 0, 0, 0, 0, 0, 0, 0, 0, 0, 0, 0, 0,
 0, 0, 0, 0, 6, 0, 0, 0, 0,i1, 0, 0, 0, 0,ER, 0, 0, 0, 0, 0,i1, 0, 0, 0, 0, 0, 0, 0,
 0, 0, 0, 0, 6, 0, 0,11, 2, 3, 2, 3, 2, 3, 2, 3, 2, 3, 2, 3, 2, 3, 0, 0, 0, 0, 0, 0,
 0, 0, 0, 0, 6, 0, 0, 0, 0, 2, 3, 2, 3, 2, 3, 0, 0, 0, 0, 0, 0, 0, 0, 0, 0, 0, 0, 0,
 0, 0, 0, 0, 6, 0, 0, 0, 0, 0,10, 9, 9,10, 0, 0, 0, 0, 0, 0, 0, 0, 0, 0, 0, 0, 0, 0,
 0, 0, 0, 0, 6, 0, 0, 0, 0, 0, 0, 0, 0, 0, 0, 0, 0,i1, 0, 0, 0, 0, 0, 0,i1, 0, 0, 0,
 0, 0, 0, 0, 6, 0, 0, 0, 0, 0, 0, 0, 0, 0, 0, 0, 1, 2, 3, 2, 3, 2, 3, 2, 3, 4,12, 0,
 0, 0, 0, 0, 6, 0,i1,EL, 0, 0, 0,i1, 0, 0, 0, 0, 0, 0, 0, 0, 0, 4, 2, 3, 4, 0, 0, 0,
 0, 0, 0, 2, 3, 2, 3, 2, 3, 2, 3, 2, 3, 2, 3, 4,12, 0, 0, 0, 0, 0, 9,10, 0, 0, 0, 0,
 0, 0, 0, 0, 2, 3, 2, 3, 0, 0, 0, 0, 0, 0, 0, 0, 0, 0, 0, 0, 0, 0, 0, 0, 0, 0, 0, 0,
 0, 0, 0, 0,10,10, 9,10, 0, 0, 0, 0, 0, 0, 0, 0, 0, 0, 0, 0, 0, 0, 0, 0, 0, 0, 0, 0,
 0, 0, 0, 0, 0, 0, 0, 0, 0, 0, 0, 0, 0, 0, 0, 0, 0, 0, 0, 0, 0, 0, 0, 0, 0, 0, 0, 0,
16,16,16,16,16,16,16,16,16,16,16,16,16,16,16,16,16,16,16,16,16,16,16,16,16,16,16,16,
17,18,17,18,17,18,17,18,17,18,17,18,17,18,17,18,17,18,17,18,17,18,17,18,17,18,17,18,


level 3 broken bridge    horizontal 0

 0, 0, 0, 0, 0, 0, 0, 0, 0, 0, 0, 0, 0, 0, 0, 0, 0, 0, 0, 0, 0, 0, 0, 0, 0, 0, 0, 0,
 0, 0, 0, 0, 0, 0, 0, 0, 0, 0, 0, 0, 0, 0, 0, 0, 0, 0, 0, 0, 0, 0, 0, 0, 0, 0, 0, 0,
 0, 0, 0, 0, 0, 0, 0, 0, 0, 0, 0, 0, 0, 0, 0, 0, 0, 0, 0, 0, 0, 0, 0, 0, 0, 0, 0, 0,
 0, 0, 0, 6, 0, 0, 0, 0, 0, 0,i1, 0,i1, 0,i1, 0,i1, 0, 0, 0, 0, 0,EL, 0, 0, 0, 0, 0,
 0, 7, 1, 6,13,13,13,13,13,13,13,13,13,13,13,13,13,13,13,13,13,13,13,13, 2, 3, 8, 0,
 0, 0, 0, 6, 0, 0, 0, 0, 0, 0, 0, 0, 0, 0, 0, 0, 0, 0, 0, 0, 0, 0, 0, 0, 0, 0, 0, 0,
 0, 0, 0, 6, 0, 0, 0, 0, 0, 0, 0, 0, 0, 0, 0, 0, 0, 0, 0, 0, 0, 0, 0, 0, 0, 0, 0, 0,
 0, 0, 0, 6, 0, 0, 0, 0, 0, 0, 0, 0, 0, 0, 0, 0, 0, 0, 0, 0, 0, 0, 0, 0, 0, 0, 0, 0,
 0, 0, 0, 6, 0, 0, 0, 0, 0, 0, 0, 0, 0, 0, 0, 0, 0, 0, 0, 0, 0, 0, 0, 0, 0, 0, 0, 0,
 0, 0, 0, 6, 0, 0, 0, 0, 0, 0,PL, 0, 0, 0, 0, 0, 0, 0, 0, 0, 0, 0, 6, 0, 0, 0, 0, 0,
 0,11, 2, 3, 2, 3, 2, 3, 2, 3, 2, 3, 2, 3, 2, 3, 2, 3, 2, 3, 2, 3, 6, 4, 2, 3, 0, 0,
 0, 0, 0, 2, 3, 2, 3, 2, 3, 0, 0, 0, 0, 0, 0, 0, 0, 0, 0, 2, 3, 4, 6, 2, 3, 0, 0, 0,
 0, 0, 0, 0, 0, 0, 0, 0, 0, 0, 0, 0, 0, 0, 0, 0, 0, 0, 0, 0,10,10, 6, 0, 9, 0, 0, 0,
 0, 0, 0, 0, 0, 0, 0, 0, 0, 0, 0, 0, 0, 0, 0, 0, 0, 0, 0, 0, 0, 0, 6, 0, 0, 0, 0, 0,
 0, 0, 0, 0, 0, 0, 0, 0, 0, 0, 0, 0, 0, 0, 0, 0, 0, 0, 0, 0, 0, 0, 6, 0, 0, 0, 0, 0,
 0, 0, 0, 0, 0,EL, 0, 0, 0, 0,i1, 0,i1, 0,i1, 0,i1, 0, 0, 0, 0, 0, 6, 0, 0, 0, 0, 0,
 0, 7, 2, 3,13,13,13,13,13,13,13,13,13,13,13,13,13,13,13,13,13,13,13,13, 2, 3, 8, 0,
 0, 0, 0, 0, 0, 0, 0, 0, 0, 0, 0, 0, 0, 0, 0, 0, 0, 0, 0, 0, 0, 0, 0, 0, 0, 0, 0, 0,
 0, 0, 0, 0, 0, 0, 0, 0, 0, 0, 0, 0, 0, 0, 0, 0, 0, 0, 0, 0, 0, 0, 0, 0, 0, 0, 0, 0,
 0, 0, 0, 0, 0, 0, 0, 0, 0, 0, 0, 0, 0, 0, 0, 0, 0, 0, 0, 0, 0, 0, 0, 0, 0, 0, 0, 0,




level 4 phantom pixels    horizontal 3

 0, 0, 0, 0, 0, 0, 0, 0, 0, 0, 0, 0, 0, 0, 0, 0, 0, 0, 0, 0, 0, 0, 0, 0, 0, 0, 0, 0,
 0, 0, 0, 0, 0, 0, 0, 0, 0, 0, 0, 0, 0, 0, 0, 0, 0, 0, 0, 0, 0, 0, 0, 0, 0, 0, 0, 0,
 0, 0, 0, 0, 0, 0, 0, 0, 0, 0, 0, 0, 0, 0, 0, 0, 0, 0, 0, 0, 0, 0, 0, 0, 0, 0, 0, 0,
 0, 0, 0, 0, 0, 0, 0, 0, 0, 0, 0, 0, 0, 0, 0, 0, 0, 0, 0, 0, 0, 0, 0, 0, 0, 0, 0, 0,
 0, 0, 0, 0, 0, 0, 0, 0, 0, 0, 0, 0, 0, 0, 0, 0, 0, 0, 0, 0, 0, 0, 0, 0, 0, 0, 0, 0,
 0, 0, 0, 0,i1, 0, 6, 0, 0, 0, 0, 0, 0, 0, 0, 0, 0, 0, 0, 0, 0, 0, 0,i1, 0, 0, 0, 0,
 0, 0, 0,11, 2, 3, 6, 2, 3, 0, 0, 0, 0,PL, 0, 0, 0, 0, 0, 2, 3, 2, 3, 1, 0, 0, 0, 0,
 0, 0, 0, 0, 0, 0, 6, 0, 0, 0, 0, 2, 3, 2, 3, 2, 3, 0, 0, 0, 0, 6, 0, 0, 0, 0, 0, 0,
 0, 0, 0, 0, 0, 0, 6, 0, 0, 0, 0,10, 9,10, 0, 9,10, 0, 0, 0, 0, 6, 0, 0, 0, 0, 0, 0,
 0, 0, 0, 0, 0, 0, 0, 0, 0, 0, 0, 0, 0, 0, 0, 0, 0, 0, 0, 0, 0, 6, 0, 0, 0, 0, 0, 0,
 0, 0, 0, 0, 0, 0, 0, 0, 0, 0, 0, 0, 0, 0, 0, 0, 0, 0, 0, 0, 0, 6, 0, 0, 0, 0, 0, 0,
 0, 0, 0,i2,i2, 0, 0, 0, 0, 0, 0, 0,ER,i1,i1,ER, 0, 0, 0, 0, 0, 6, 0,i2,i2, 0, 0, 0,
 0, 2, 3, 2, 3, 2, 3, 2, 3, 2, 3, 2, 3, 2, 3, 2, 3, 2, 3, 2, 3, 2, 3, 2, 3, 2, 3, 0,
 0, 0, 2, 3, 2, 3, 2, 3, 2, 3, 2, 3, 2, 3, 2, 3, 2, 3, 2, 3, 2, 3, 2, 3, 2, 3, 0, 0,
 0, 0, 0, 2, 3, 2, 3, 0, 9,10, 9,10,10, 0, 0,10, 9,10, 0,10, 0, 2, 3, 2, 3, 0, 0, 0,
 0, 0, 0, 0, 0, 0, 0, 0, 0, 0, 0, 0, 0, 0, 0, 0, 0, 0, 0, 0, 0, 0, 0, 0, 0, 0, 0, 0,
16,16,16,16,16,16,16,16,16,16,16,16,16,16,16,16,16,16,16,16,16,16,16,16,16,16,16,16,
17,18,17,18,17,18,17,18,17,18,17,18,17,18,17,18,17,18,17,18,17,18,17,18,17,18,17,18,
18,17,18,17,18,17,18,17,18,17,18,17,18,17,18,17,18,17,18,17,18,17,18,17,18,17,18,17,
17,18,17,18,17,18,17,18,17,18,17,18,17,18,17,18,17,18,17,18,17,18,17,18,17,18,17,18,

level 5 another phantom   horizontal 4

 2, 3,12, 0, 0, 0, 0, 0, 0, 0, 0, 0, 0, 0, 0, 0, 0, 0, 0, 0, 0, 0, 0, 0, 0, 0, 1, 4,
 1, 4, 0, 0, 0, 0, 0, 0, 0, 0, 0, 0, 0, 0, 0, 0, 0, 0, 0, 0, 0, 0, 0, 0, 0,11, 2, 3,
 2, 3, 0, 0, 0, 0, 0, 0, 0, 0, 0, 0, 0, 0, 0, 0, 0, 0, 0, 0, 0, 0, 0, 0, 0, 0, 1, 4,
 1, 0, 0, 0, 0, 0, 0, 0, 0, 0, 0, 0, 0, 0, 0, 0, 0, 0, 0, 0, 0, 0, 0, 0, 0, 0, 0, 1,
 9, 0, 0, 0, 0, 0, 0, 0, 0, 0, 0, 0, 0, 0, 0, 0, 0, 0, 0, 0, 0, 0, 0, 0, 0, 0, 0,10,
 0, 0, 0, 0, 0, 0, 0, 0, 0, 0, 0, 0, 0, 0, 0, 0, 0, 0, 0, 0, 0, 0, 0, 0, 0, 0, 0, 0,
 0, 0, 0, 0, 0, 0, 0, 0, 0, 0, 0, 0, 0, 0, 0, 0, 0, 0, 0, 0, 0, 0, 0, 0, 0, 0, 0, 0,
 0, 0, 0,ER, 0,i1,i1,i1, 0, 0, 0, 0, 0, 0, 0, 0, 0, 0, 0, 0, 0,i1,i1,i1, 0,EL, 0, 0,
 0,11, 2, 3, 2, 3, 2, 3, 2, 3,13,13,13,13,13,13,13,13, 2, 3, 2, 3, 2, 3, 2, 3,12, 0,
 0, 0, 0, 0, 0, 0, 0, 0, 0, 0, 0, 0, 0, 0,i1, 0, 0, 0, 0, 0, 0, 0, 0, 0, 0, 0, 0, 0,
 0, 0, 0, 0, 0, 0, 0, 0, 0, 0, 0, 0, 0, 2, 3, 0, 0, 0, 0, 0, 0, 0, 0, 0, 0, 0, 0, 0,
 0, 0,PL, 0, 0,i1,i1,i1, 0, 0, 0, 0, 0, 1, 4, 0, 0, 0, 0, 0, 0,i1,i1,i1, 0, 0, 0, 0,
 0,11, 2, 3, 2, 3, 2, 3, 2, 3,13,13, 1, 2, 3, 4,13,13, 2, 3, 2, 3, 2, 3, 2, 3,12, 0,
 0, 0, 0, 2, 3, 2, 3, 2, 3, 0, 0, 0, 0, 1, 4, 0, 0, 0, 0, 2, 3, 2, 3, 2, 3, 0, 0, 0,
 0, 0, 0, 0,10, 9,10, 0,10, 0, 0, 0, 0,10, 9, 0, 0, 0, 0, 0, 9,10, 9, 0, 0, 0, 0, 0,
 0, 0, 0, 0, 0, 0, 0, 0, 0, 0, 0, 0, 0, 0, 0, 0, 0, 0, 0, 0, 0, 0, 0, 0, 0, 0, 0, 0,
 0, 0, 0, 0, 0, 0, 0, 0, 0, 0, 0, 0, 0, 0, 0, 0, 0, 0, 0, 0, 0, 0, 0, 0, 0, 0, 0, 0,
 0, 0, 0, 0, 0, 0, 0, 0, 0, 0, 0, 0, 0, 0, 0, 0, 0, 0, 0, 0, 0, 0, 0, 0, 0, 0, 0, 0,
16,16,16,16,16,16,16,16,16,16,16,16,16,16,16,16,16,16,16,16,16,16,16,16,16,16,16,16,
17,18,17,18,17,18,17,18,17,18,17,18,17,18,17,18,17,18,17,18,17,18,17,18,17,18,17,18,

level 6 skulls lair -horizontal

 2, 0,10, 0,10,10, 9,10,10,10, 9,10, 9,10,10,10,10, 9,10,10, 9,10,10,10, 0,10, 0, 1,
 1, 0, 0, 0, 0, 0, 0, 0, 0, 0, 0, 0, 0, 0, 0, 0, 0, 0, 0, 0, 0, 0, 0, 0, 0, 0, 0, 3,
 3, 0, 0, 0, 0, 0, 0, 0, 0, 0, 0, 0, 0, 0, 0, 0, 0, 0, 0, 0, 0, 0, 0, 0, 0, 0, 0, 5,
 2, 0, 0, 0, 0,i1, 0,i1, 0, 0, 0, 0,EL, 0, 0, 0, 0, 6, 0,EL, 0,i1, 0,i1, 0, 0, 0, 2,
 5, 0, 2, 1, 2, 1, 3, 2, 1, 2, 1, 2, 3, 1, 2, 3, 2, 6, 2, 1, 2, 5, 2, 1, 2, 5, 2, 5,
 1, 0, 0, 5, 3, 2, 2, 0, 0, 0, 0, 0, 0, 0, 0, 0, 0, 6, 0, 0, 0, 0, 0, 0, 0, 0, 0, 5,
 3, 0, 0, 0, 9,10, 0, 0, 0, 0, 0, 0, 0, 0, 0, 0, 0, 6, 0, 0, 0, 0, 0, 0, 0, 0, 0, 3,
 2, 0, 0, 0, 0, 0,i1, 0, 0, 0, 0, 6, 0, 0, 0, 0, 0, 6, 0, 0, 0, 0,i1, 0, 0,EL, 0, 2,
 3, 0, 0, 2, 3, 2, 1, 2, 5, 3, 2, 6, 3, 2, 1, 2, 3, 2, 1, 2, 5, 2, 5, 3, 1, 2, 0, 5,
 2, 0, 0, 0, 0, 0, 0, 0, 0, 0, 0, 6, 0, 0, 0, 0, 0, 0, 0, 0, 0, 3, 2, 2, 5, 0, 0, 3,
 3, 0, 0, 0, 0, 0, 0, 0, 0, 0, 0, 6, 0, 0, 0, 0, 0, 0, 0, 0, 0, 0, 0, 0, 9, 0, 0, 2,
 5, 0, 0, 0, 0,ER,i1,i1,i1, 0, 0, 6, 0, 0, 6, 0, 0, 0, 0, 0, 0, 0, 0, 0, 0, 0, 0, 5,
 3, 0, 0, 0,11, 2, 1, 5, 3, 2, 3, 2, 2, 1, 6, 3, 2, 2, 1, 5, 2, 5, 3, 2, 5, 0, 0, 2,
 2, 3, 0, 0, 0, 0, 0, 0, 0, 0, 0, 0, 0, 0, 6, 0, 0, 0, 0, 0, 0, 0, 0, 0, 0, 0, 0, 3,
 5, 2,12, 0, 0, 0, 0, 0, 0, 0, 0, 0, 0, 0, 6, 0, 0, 0, 0, 0, 0, 0, 0, 0, 0, 0, 2, 5,
 0, 9, 0, 0, 0, 0, 0, 0, 0, 0, 0, 0, 0, 0, 6, 0,PL, 0, 0, 0, 0, 0, 0, 0, 0,11, 5, 3,
 0, 0, 0, 0, 0, 0, 0, 0, 0, 0, 0, 0, 3, 2, 2, 2, 3, 0, 0, 0, 0, 0, 0, 0, 0, 0,10, 9,
 0, 0, 0, 0, 0, 0, 0, 0, 0, 0, 0, 0, 0, 5, 2, 5, 0, 0, 0, 0, 0, 0, 0, 0, 0, 0, 0, 0,
 0, 0, 0, 0, 0, 0, 0, 0, 0, 0, 0, 0, 0, 0,10, 9, 0, 0, 0, 0, 0, 0, 0, 0, 0, 0, 0, 0,
 0, 0, 0, 0, 0, 0, 0, 0, 0, 0, 0, 0, 0, 0, 0, 0, 0, 0, 0, 0, 0, 0, 0, 0, 0, 0, 0, 0,


 
 
 level 7 abracadabra - horizontal
 
 0, 0, 0, 0, 0, 0, 0, 0, 0, 0, 0, 0, 0, 0, 0, 0, 0, 0, 0, 0, 0, 0, 0, 0, 0, 0, 0, 0,
 0, 0, 0, 0, 0, 0, 0, 0, 0, 0, 0, 0, 0, 0, 0, 0, 0, 0, 0, 0, 0, 0, 0, 0, 0, 0, 0, 0,
 0, 0, 0, 0, 0, 0, 0, 0, 0, 0, 0, 0, 0, 0, 0, 0, 0, 0, 0, 0, 0, 0, 0, 0, 0, 0, 0, 0,
 0, 0, 0, 0, 0, 0, 0, 0, 0, 0, 0, 6, 0, 0,ER, 0, 0, 0, 0, 0, 0, 0, 0, 0, 0, 0, 0, 0,
 0, 0, 1, 8, 0, 7, 3, 2, 4, 2, 1, 6, 0, 0, 0, 0, 0, 0, 0, 0, 0, 1, 8, 0, 7, 1, 0, 0,
 0, 0, 3, 0, 0, 0, 1, 2, 0, 0, 0, 6, 0, 0, 0, 0, 0, 0, 0, 0, 0, 2, 0, 0, 0, 4, 0, 0,
 0, 0, 2, 0,i2, 0, 2, 1, 0, 0, 0, 6, 0, 0, 0, 0, 0, 0, 0, 0, 0, 3, 0,i1, 0, 1,12, 0,
 0, 0, 4, 0,i2, 0, 3, 4, 0, 0, 0, 6, 0, 0,EL, 0, 0, 6, 0, 0, 0, 2, 0,i1, 0, 2, 0, 0,
 0, 0, 3, 0,i2, 0, 2, 3, 0, 0, 0, 0, 0, 0, 0, 0, 0, 6, 0, 0, 0, 1, 0,i1, 0, 2, 0, 0,
 0, 0, 2, 0, 0,11, 4, 2, 0, 0, 0, 0, 0, 0, 0, 0, 0, 6, 0, 0, 0, 3, 0, 0, 0, 1, 0, 0,
 0, 0, 1, 0, 0, 0, 3, 1, 0, 0, 0, 0, 0, 0, 0, 0, 0, 6, 0, 0, 0, 2,12, 0, 0, 4, 0, 0,
 0, 0, 3, 0,i1, 0, 2, 4, 0, 0, 0,PL, 0, 0, 0, 0, 0, 6, 0, 0, 0, 2, 0,i2, 0, 2, 0, 0,
 0, 0, 2, 0,i1,11, 1, 2, 2, 3, 2, 1, 2, 3, 2, 1, 2, 2, 3, 1, 2, 3, 0,i2, 0, 1,12, 0,
 0, 0, 3, 0,i1, 0, 0, 3, 2, 2, 1, 2, 3, 2, 2, 3, 2, 3, 1, 2, 3, 0, 0,i2, 0, 2, 0, 0,
 0, 0, 9, 0, 0, 0, 0,10, 0,10, 9,10, 0, 9,10,10,10, 0, 9, 0,10, 0, 0, 0, 0,10, 0, 0,
 0, 0, 0, 0, 0, 0, 0, 0, 0, 0, 0, 0, 0, 0, 0, 0, 0, 0, 0, 0, 0, 0, 0, 0, 0, 0, 0, 0,
 0, 0, 0, 4, 3, 2, 0, 0, 0, 0, 0, 0, 0, 0, 0, 0, 0, 0, 0, 0, 0,11, 2, 3, 2, 0, 0, 0,
 0, 0, 0, 0, 0, 0, 0, 0, 0, 0, 0, 0, 0, 0, 0, 0, 0, 0, 0, 0, 0, 0, 0, 0, 0, 0, 0, 0,
16,16,16,16,16,16,16,16,16,16,16,16,16,16,16,16,16,16,16,16,16,16,16,16,16,16,16,16,
17,18,17,18,17,18,17,18,17,18,17,18,17,18,17,18,17,18,17,18,17,18,17,18,17,18,17,18,
 
 
 
 level 8 - vertical illusions      vertical
 
 0, 0, 0, 0, 0, 0, 0, 0, 0, 0, 0, 0, 0, 0, 0, 0, 0, 0, 0, 0, 0, 0, 0, 0, 0, 0, 0, 0,
 0, 0, 0, 0, 0, 0, 0, 0, 0, 0, 0, 0, 0, 0, 0, 0, 0, 0, 0, 0, 0, 0, 0, 0, 0, 0, 0, 0,
 0, 0, 0, 0, 0, 0, 0, 0, 0, 0, 0, 0, 0, 0, 0, 0, 0, 0, 0, 0, 0, 0, 0, 0, 0, 0, 0, 0,
 0, 0, 0, 0, 0, 0, 0, 0, 0, 0, 0, 0, 0, 0, 0, 0, 0, 0, 0, 0, 0, 0, 0, 0, 0, 0, 0, 0,
 0, 0, 0, 0, 0, 0, 0, 0, 0, 0, 0, 0, 0, 0, 0, 0, 0, 0, 0, 0, 0, 0, 0, 0, 0, 0, 0, 0,
 0, 0, 0, 0, 0, 0, 0, 0, 0, 0, 0, 0,i1,i1,EL,i1,i1, 0, 0, 0, 0, 0, 0, 0, 0, 0, 0, 0,
 0, 0, 0, 0, 0, 0, 0,11, 2, 1, 2, 3, 1, 2, 3, 1, 2, 3, 2, 1,12, 0, 0, 0, 0, 0, 0, 0,
 0, 0, 0, 0, 0, 0, 0, 0, 0, 4, 3, 2, 3, 0, 0, 4, 1, 2, 2, 0, 0, 0, 0, 0, 0, 0, 0, 0,
 0, 0, 0, 0, 0, 0, 0, 0, 0, 0, 9,10, 9, 0, 0, 0,10, 0, 9, 0, 0, 0, 0, 0, 0, 0, 0, 0,
 0, 0, 0, 0, 0, 0, 0, 0, 0, 0, 0, 0, 0, 0, 0, 0, 0, 0, 0, 0, 0, 0, 0, 0, 0, 0, 0, 0,
 0, 0, 0, 0, 0, 0, 0, 0, 0, 0, 0, 0, 0, 0, 0, 0, 0, 0, 0, 0, 0, 0, 0, 0, 0, 0, 0, 0,
 0, 0, 0,PL, 0,i1,i1, 0, 0, 0, 0, 6, 0,i1,i1, 0, 6, 0, 0, 0, 0,i1,i1, 0, 0, 0, 0, 0,
 0,11, 2, 4, 1, 3, 2, 1, 2, 0, 0, 6, 2, 4, 3, 1, 6, 0, 0, 2, 1, 2, 4, 2, 1, 2,12, 0,
 0, 0, 0, 3, 2, 2, 3, 0, 0, 0, 0, 6, 0, 0, 0, 0, 6, 0, 0, 0, 0, 0, 3, 1, 0, 0, 0, 0,
 0, 0, 0,10, 0, 9,10, 0, 0, 0, 0, 6, 0, 0, 0, 0, 6, 0, 0, 0, 0, 0,10, 9, 0, 0, 0, 0,
 0, 0, 0, 0, 0, 0, 0, 0, 0, 0, 0, 6, 0, 0, 0, 0, 6, 0, 0, 0, 0, 0, 0, 0, 0, 0, 0, 0,
 0, 0, 0, 0, 0, 0, 0, 0, 0,11, 2, 1, 2, 3, 2, 1, 2, 3, 0, 0, 0, 0, 0, 0, 0, 0, 0, 0,
 0, 0, 0, 0, 0, 0, 0, 0, 0, 0, 0, 0, 0, 0, 0, 0, 0, 0, 0, 0, 0, 0, 0, 0, 0, 0, 0, 0,
 0, 0, 0, 0, 0, 0, 0, 0, 0, 0, 0, 0, 0, 0, 0, 0, 0, 0, 0, 0, 0, 0, 0, 0, 0, 0, 0, 0,
 0, 0, 0, 0, 0, 0, 0, 0, 0, 0, 0, 0, 0, 0, 0, 0, 0, 0, 0, 0, 0, 0, 0, 0, 0, 0, 0, 0,
 
 
 
 
 
 
 
 level 9 mirrors   horizontal  2
 
 
 0, 0, 0, 0, 0, 0, 0, 0, 0, 0, 0, 0, 0, 0, 0, 0, 0, 0, 0, 0, 0, 0, 0, 0, 0, 0, 0, 0,
 0, 0, 0, 0, 0, 0, 0, 0, 0, 0, 0, 0, 0, 0, 0, 0, 0, 0, 0, 0, 0, 0, 0, 0, 0, 0, 0, 0,
 0, 0, 0, 0, 0, 0, 0, 0, 0, 0, 0, 0, 0, 0, 0, 0, 0, 0, 0, 0, 0, 0, 0, 0, 0, 0, 0, 0,
 0, 0, 0, 0, 0, 0, 0,i2, 0, 0, 0, 0, 0, 6, 0,ER, 0, 0,i1, 0, 0, 0,i1, 0, 0, 0, 0, 0,
 0, 0, 0, 0, 0, 0, 0, 0, 0, 0, 0, 0, 0, 6, 2, 4, 2, 3, 1, 3, 2, 1, 2, 1, 2, 3, 0, 0,
 0, 0, 0, 0, 0, 0, 0, 0, 0, 0, 0, 0, 0, 6, 0, 3, 1, 2, 2, 0, 0, 0, 0, 4, 1, 2,12, 0,
 0, 0, 0, 0, 0, 0, 0, 0, 0, 0, 0, 0, 0, 6, 0,10, 9,10,10, 0, 0, 0, 0, 0,10, 9, 0, 0,
 0, 0, 0,ER, 0,i1, 0, 0, 0,i1, 0, 0, 0, 6, 0, 0, 0, 0, 0, 0,i2, 0, 0, 0, 0, 0, 0, 0,
 0,11, 2, 1, 2, 3, 1, 2, 3, 2, 4, 1, 2, 6, 0, 0, 0, 0, 0, 0, 0, 0, 0, 0, 0, 0, 0, 0,
 0, 0, 0, 0, 0, 0, 0, 0, 0, 0, 0, 0, 0, 6, 0, 0, 0, 0, 0, 0, 0, 0, 0, 0, 0, 0, 0, 0,
 0, 0, 0, 0, 0, 0, 0, 0, 0, 0, 0, 0, 0, 6, 0, 0, 0, 0, 0, 0, 0, 0, 0, 0, 0, 0, 0, 0,
 0, 0, 0, 0, 0, 0, 0, 0, 0, 0, 0, 0, 0, 6, 0, 0, 0, 0, 0, 0, 0, 0, 0, 0, 0, 0, 0, 0,
 0, 0, 0, 0, 0, 0, 0, 0, 0, 0, 0, 0, 0, 6, 0, 0, 6, 0, 0, 0, 0, 0, 0, 0, 0, 0, 0, 0,
 0, 0, 0, 0, 0, 0, 0,i2, 0, 0, 4, 3, 1, 2, 3, 2, 6, 0, 0,ER, 0, 6, 0, 0, 0, 0, 0, 0,
 0, 0, 0, 2, 1, 4, 3, 1, 2, 3, 2, 0,10, 9, 0, 4, 2, 1, 2, 3, 2, 6, 0, 0,PL, 0, 0, 0,
 0, 0, 0, 0, 3, 1, 2, 2, 0, 0, 0, 0, 0, 0, 0, 0, 0, 0, 0, 0, 3, 2, 1, 2, 3, 2, 0, 0,
 0, 0, 0, 0,10, 9,10, 0, 0, 0, 0, 0, 0, 0, 0, 0, 0, 0, 0, 0,10, 9,10, 0,10, 0, 0, 0,
 0, 0, 0, 0, 0, 0, 0, 0, 0, 0, 0, 0, 0, 0, 0, 0, 0, 0, 0, 0, 0, 0, 0, 0, 0, 0, 0, 0,
16,16,16,16,16,16,16,16,16,16,16,16,16,16,16,16,16,16,16,16,16,16,16,16,16,16,16,16,
17,18,17,18,17,18,17,18,17,18,17,18,17,18,17,18,17,18,17,18,17,18,17,18,17,18,17,18,
 
 
 level 10 16 pixels   horizontal     4
 
 0, 0, 0, 0, 0, 0, 0, 0, 0, 0, 0, 0, 0, 0, 0, 0, 0, 0, 0, 0, 0, 0, 0, 0, 0, 0, 0, 0,
 0, 0, 0, 0, 0, 0, 0, 0, 0, 0, 0, 0, 0, 0, 0, 0, 0, 0, 0, 0, 0, 0, 0, 0, 0, 0, 0, 0,
 0, 0, 0, 0, 0, 0, 0, 0, 0, 0, 0, 0, 0, 0, 0, 0, 0, 0, 0, 0, 0, 0, 0, 0, 0, 0, 0, 0,
 0, 0, 0, 0, 0, 0, 0, 0, 0, 0, 0, 0, 0, 0, 0, 0, 2, 3,12, 0, 0, 0, 0, 0, 0, 0, 0, 0,
 0, 0, 0, 0, 0, 0, 0, 0, 0, 0, 0, 0, 0, 0, 0,11, 3, 2, 0, 0, 0, 0, 0, 7, 3, 2, 8, 0,
 0, 0, 0, 0, 0, 0, 0, 0, 0, 0, 0, 0, 0, 0, 0, 0, 4, 3, 0, 0, 0, 0, 0, 0, 4, 1, 0, 0,
 0, 0, 0, 0, 0, 6, 6, 6, 6, 0, 0, 0, 0, 0, 0, 0, 0, 0, 0,i1,i1,i1,i1, 0, 3, 2, 0, 0,
 0, 0, 0, 0, 0, 6, 6, 6, 6, 4, 2, 3, 1, 2, 0, 0, 0, 0, 0,i1,i1,i1,i1, 0, 1, 3, 0, 0,
 0, 0, 0, 0, 0, 6, 6, 6, 6, 0, 0,10, 0, 0, 0, 0, 0, 0, 0,i1,i1,i1,i1,11, 2, 4, 0, 0,
 0, 4, 3, 0, 0, 6, 6, 6, 6, 0,ER,EL, 0, 6, 0, 0, 0, 0, 0,i1,i1,i1,i1, 0, 3, 1, 0, 0,
 0,11, 2, 3, 1, 3, 2, 3, 1, 2, 3, 1, 2, 6, 3, 1, 2, 3, 2, 1, 2, 3, 2, 1, 4, 3, 0, 0,
 0, 0, 0, 0, 0, 0, 0, 0, 0, 0, 0, 0, 0, 6, 0, 0, 0, 0, 0, 0, 0, 4, 3, 3, 2, 0, 0, 0,
 0, 0, 0, 0, 0, 0, 0, 0, 0, 0, 0, 0, 0, 6, 0, 0, 0, 0, 0, 0, 0, 0, 9,10, 0, 0, 0, 0,
 0, 0, 0, 0, 0, 0,PL, 0, 0, 0, 0, 0, 0, 6, 0, 0, 0, 0, 0, 0, 0, 0, 0, 0, 0, 0, 0, 0,
 0, 0, 0, 0, 2, 1, 4, 1, 2, 3, 2, 4, 2, 6, 3, 2, 4, 3, 1, 2,12, 0, 0, 0, 0, 0, 0, 0,
 0, 0, 0, 0, 0, 2, 3, 2, 3, 0, 0, 0, 0, 0, 0, 0, 0, 2, 3, 0, 0, 0, 0, 0, 0, 0, 0, 0,
 0, 0, 0, 0, 0,10, 9,10,10, 0, 0, 0, 0, 0, 0, 0, 0,10, 9, 0, 0, 0, 0, 0, 0, 0, 0, 0,
 0, 0, 0, 0, 0, 0, 0, 0, 0, 0, 0, 0, 0, 0, 0, 0, 0, 0, 0, 0, 0, 0, 0, 0, 0, 0, 0, 0,
16,16,16,16,16,16,16,16,16,16,16,16,16,16,16,16,16,16,16,16,16,16,16,16,16,16,16,16,
17,18,17,18,17,18,17,18,17,18,17,18,17,18,17,18,17,18,17,18,17,18,17,18,17,18,17,18,
 
 
 
 
 level 11 perfect reflect horizontal 1
 
 0, 0, 0, 0, 0, 0, 0, 0, 0, 0, 0, 0, 0, 0, 0, 0, 0, 0, 0, 0, 0, 0, 0, 0, 0, 0, 0, 0,
 0, 0, 0, 6, 0, 0,ER, 0, 0, 6, 0,i1, 0,i1, 0,i1, 0,i1, 0, 6, 0,ER, 0, 0, 0, 0, 0, 0,
 0, 2, 3, 6, 1, 2, 3, 2, 3, 6, 1, 2, 3, 2, 3, 2, 3, 2, 3, 6, 1, 2, 3, 2, 3, 2, 3, 0,
 0, 0, 0, 6, 0, 0,10, 9,10, 6, 0,10, 9,10, 0,10, 0, 9, 0, 6, 0,10,10,10, 9, 0, 0, 0,
 0, 0, 0, 6, 0, 0, 0, 0, 0, 6, 0, 0, 0, 0, 0, 0, 0, 0, 0, 0, 0, 0, 0, 0, 0, 0, 0, 0,
 0, 0, 0, 6, 0, 0, 0, 0, 0, 6, 0, 0, 0, 0, 0, 0, 0, 0, 0, 0, 0, 0, 0, 0, 0, 0, 0, 0,
 0, 0, 0, 6, 0, 0, 0, 0, 0, 2, 3, 2, 3, 2, 3, 2, 3, 2, 3, 4, 0, 0, 0, 0, 0, 0, 0, 0,
 0,i1, 0, 6, 0,i1, 0, 0, 0, 0, 0,10,10,10, 0, 0, 0, 0, 9, 0, 0,i1, 0, 6, 0,i1, 0, 0,
 0, 2, 3, 6, 2, 3, 0, 0, 0, 0, 0, 0, 0, 0, 0, 0, 0, 0, 0, 0, 0, 2, 3, 6, 2, 3, 0, 0,
 0, 0, 0, 6, 0, 0, 0, 0, 0, 0, 0, 0, 0, 0,PL, 0, 0, 0, 0, 0, 0, 0, 0, 6, 0, 0, 0, 0,
 0, 0, 0, 0, 0, 0, 0, 0, 0, 0, 0, 4,13,13,13,13, 4, 0, 0, 0, 0, 0, 0, 6, 0, 0, 0, 0,
 0, 0, 0, 0, 0, 0, 0, 0, 0, 0, 0, 0, 0, 0, 0, 0, 0, 0, 0, 0, 0, 0, 0, 6, 0, 0, 0, 0,
 0, 0, 0, 0, 0, 0, 0, 0, 0, 0, 0, 0, 0, 0, 0, 0, 0, 0, 0, 0, 0, 0, 0, 6, 0, 0, 0, 0,
 0, 0, 0, 0,EL, 0, 0, 0, 0,i1, 0,i1, 0,i1, 0,i1, 0,i1, 0, 0,EL, 0, 0, 6, 0, 0, 0, 0,
 0, 0, 0, 2, 3, 2, 3, 2, 3, 2, 3, 2, 3, 2, 3, 2, 3, 2, 3, 2, 3, 2, 3, 2, 3, 0, 0, 0,
 0, 0, 0, 9,10,10,10, 0, 0, 0,10, 0,10, 9, 0, 0, 0,10, 0, 0, 9, 0, 9,10, 0, 0, 0, 0,
 0, 0, 0, 0, 0, 0, 0, 0, 0, 0, 0, 0, 0, 0, 0, 0, 0, 0, 0, 0, 0, 0, 0, 0, 0, 0, 0, 0,
 0, 0, 0, 0, 0, 0, 0, 0, 0, 0, 0, 0, 0, 0, 0, 0, 0, 0, 0, 0, 0, 0, 0, 0, 0, 0, 0, 0,
16,16,16,16,16,16,16,16,16,16,16,16,16,16,16,16,16,16,16,16,16,16,16,16,16,16,16,16,
17,18,17,18,17,18,17,18,17,18,17,18,17,18,17,18,17,18,17,18,17,18,17,18,17,18,17,18,
 
 
 
 level 12     icelands   horizontal    3 
 
 
 0, 0, 0, 0, 0, 0, 0, 0, 0, 0, 0, 0, 0, 0, 0, 0, 0, 0, 0, 0, 0, 0, 0, 0, 0, 0, 0, 0,
 0, 0, 6, 0,i2, 0, 0, 0, 0, 0, 0, 0, 0, 0, 0, 0, 0, 0, 0, 0, 0, 0, 0,i1, 0, 6, 0, 0,
 0, 0, 6, 1, 4, 0, 0, 0, 0, 0, 0, 0, 0, 0, 0, 0, 0, 0, 0, 0, 0, 0, 0, 1, 4, 6, 0, 0,
 0, 0, 6, 2, 3, 0,i1, 0, 0, 0, 0, 0, 0, 0, 0, 0, 0, 0, 0, 0, 0,i2, 0, 2, 3, 6, 0, 0,
 0, 0, 6,10, 2, 3, 4, 0, 0, 0, 0, 0, 0, 0, 0, 0, 0, 0, 0, 0, 0, 1, 2, 3, 0, 6, 0, 0,
 0, 0, 6, 0, 1, 2, 3, 0,i2, 0, 0, 0, 0, 0, 0, 0, 0, 0, 0,i1, 0, 2, 3, 4, 0, 6, 0, 0,
 0, 0, 6, 0, 2, 3, 2, 3, 4, 0, 0, 0, 0, 0, 0, 0, 0, 0, 0, 1, 2, 3, 2, 3, 0, 6, 0, 0,
 0, 0, 6, 0, 4, 2, 3, 2, 3, 0,ER, 0,ER,i1,i1, 0, 0, 0, 0, 2, 3, 2, 3, 4, 0, 6, 0, 0,
 0, 0, 6, 0, 2, 3, 2, 3, 2, 3, 2, 3, 2, 3, 2, 3, 2, 3, 2, 3, 2, 3, 2, 3, 0, 6, 0, 0,
 0, 0, 6, 0, 0, 0, 0, 0, 0, 0, 0, 0, 0, 0, 0, 0, 0, 0, 0, 2, 3, 2, 3, 4, 0, 6, 0, 0,
 0, 0, 6, 0, 0, 0, 0, 0, 0, 0, 0, 0, 0, 0, 0, 0, 0, 0, 0, 1,10, 0, 0, 1, 0, 6, 0, 0,
 0, 0, 6, 0, 0, 0, 0, 0, 0, 0,i3, 0, 0,PL, 0, 0, 0,i3, 0, 0, 0, 0, 0, 9, 0, 6, 0, 0,
 0, 0, 6, 0, 0, 0,ED, 0, 0, 0,13,13, 2, 3, 2, 3,13,13, 0, 0, 0,EU, 0, 0, 0, 6, 0, 0,
 0, 0, 6, 0, 0, 0, 0, 0, 0, 0, 0, 0, 0, 0, 0, 0, 0, 0, 0, 0, 0, 0, 0, 0, 0, 6, 0, 0,
 0, 2, 3, 2, 3, 2, 3, 2, 3, 2, 3, 2, 3, 2, 3, 2, 3, 2, 3, 2, 3, 2, 3, 2, 3, 2, 3, 0,
 0,10, 2, 3, 2, 3, 2, 3, 2, 3, 2, 3, 2, 3, 2, 3, 2, 3, 2, 3, 2, 3, 2, 3, 2, 3,10, 0,
 0, 0, 0,10, 9,10,10, 0, 0,10, 0,10, 0, 0, 0,10,10, 9,10, 0, 9, 0,10, 0, 0, 9, 0, 0,
 0, 0, 0, 0, 0, 0, 0, 0, 0, 0, 0, 0, 0, 0, 0, 0, 0, 0, 0, 0, 0, 0, 0, 0, 0, 0, 0, 0,
16,16,16,16,16,16,16,16,16,16,16,16,16,16,16,16,16,16,16,16,16,16,16,16,16,16,16,16,
17,18,17,18,17,18,17,18,17,18,17,18,17,18,17,18,17,18,17,18,17,18,17,18,17,18,17,18,
 
 
 
 level 13   midnight   horizontal 2
 
 0, 0, 0, 0, 0, 0, 0, 0, 0, 0, 0, 0, 0, 0, 0, 0, 0, 0, 0, 0, 0, 0, 0, 0, 0, 0, 0, 0,
 0, 0, 0, 0, 0, 0, 0, 0, 0, 6, 0, 0, 0, 0, 0, 0, 0, 0, 0, 0, 0, 0, 6, 0, 0, 0, 0, 0,
 0, 0, 0, 0, 0, 0, 2, 3, 4, 6, 2, 3, 2, 3, 2, 3, 2, 3, 2, 3, 2, 3, 6, 0, 0, 0, 0, 0,
 0, 0, 0, 0, 0, 0, 1, 4, 0, 6, 0, 0, 0,ED, 0, 0, 0, 0, 0, 0, 0, 0, 6, 0, 0, 0, 0, 0,
 0, 0, 0, 0, 0, 0, 2, 3, 0, 6, 0, 0, 0, 0, 0, 0, 0, 0, 0, 0, 0, 0, 6, 0, 0, 0, 0, 0,
 0, 0, 0, 0, 0, 0, 1, 4, 0, 6, 0,EU, 0, 0, 0,EU, 0,i1,i1, 0, 1, 4, 6, 0, 0, 0, 0, 0,
 0, 0, 0, 0, 0, 0, 2, 3, 2, 3, 2, 3, 2, 3, 2, 3, 2, 3, 2, 3, 2, 3, 6, 0, 0, 0, 0, 0,
 0, 0, 0, 0, 0, 0, 0, 0,10, 9,10,10, 0,10,10,10, 0, 0, 0, 0, 0, 0, 6, 0, 0, 0, 0, 0,
 0, 0, 0, 0, 0, 0, 0, 0, 0, 0, 0, 0, 0, 0, 0, 0, 0, 0, 0, 0, 0, 0, 6, 0, 0, 0, 0, 0,
 0, 0, 0,EL, 0, 0, 6, 0, 0, 0, 0, 0, 0, 0, 0, 0, 0, 0, 0, 0,ER, 0, 6, 0, 0, 0, 0, 0,
 0, 0, 2, 3, 2, 3, 6, 1, 2, 3, 2, 3, 0, 0, 0, 0, 0, 0, 2, 3, 2, 3, 2, 3, 2, 3, 0, 0,
 0, 0, 0,10,10, 0, 6, 0,10, 9, 0, 0, 0, 0, 0, 0, 0, 0, 0, 0,10, 0, 9,10, 0, 0, 0, 0,
 0, 0, 0, 0, 0, 0, 6, 0, 0, 0, 0, 0, 0, 0, 0, 0, 0, 0, 0, 0, 0, 0, 0, 0, 0, 0, 0, 0,
 0, 0, 0, 0, 0, 0, 6, 0, 0, 0, 0, 0, 0,i1,i1,i1, 0, 0, 0, 0, 0, 0,PL, 0, 0, 0, 0, 0,
 0, 0, 2, 3, 2, 3, 2, 3, 2, 3, 2, 3, 2, 3, 2, 3, 2, 3, 2, 3, 2, 3, 2, 3, 2, 3, 0, 0,
 0, 0, 0, 2, 3, 2, 3, 2, 3, 2, 3, 2, 3, 2, 3, 2, 3, 2, 3, 2, 3, 2, 3, 2, 3, 0, 0, 0,
 0, 0, 0, 0, 0,10, 0, 0,10, 9,10,10, 0, 0, 0, 9,10, 0,10, 0, 0, 0,10, 9, 0, 0, 0, 0,
 0, 0, 0, 0, 0, 0, 0, 0, 0, 0, 0, 0, 0, 0, 0, 0, 0, 0, 0, 0, 0, 0, 0, 0, 0, 0, 0, 0,
16,16,16,16,16,16,16,16,16,16,16,16,16,16,16,16,16,16,16,16,16,16,16,16,16,16,16,16,
17,18,17,18,17,18,17,18,17,18,17,18,17,18,17,18,17,18,17,18,17,18,17,18,17,18,17,18,
 

 level 14 lonely skull horizontal   3
 
 
 0, 0, 0, 0, 0, 0, 0, 0, 0, 0, 0, 0, 0, 0, 0, 0, 0, 0, 0, 0, 0, 0, 0, 0, 0, 0, 0, 0,
 0, 0, 0, 0, 0, 0, 0, 0, 0, 0, 0, 0, 0, 0, 0, 0, 0, 0, 0, 0, 0, 0, 0, 0, 0, 0, 0, 0,
 0, 0, 0, 0, 0, 0, 0, 0, 0, 0, 0, 0, 0, 0, 0, 0, 0, 0, 0, 0, 0, 0, 0, 0, 0, 0, 0, 0,
 0, 0, 0, 0, 0, 0, 0, 0, 0, 0, 0, 0, 0,PL, 0, 0, 0, 0, 0, 0, 0, 0, 0, 0, 0, 0, 0, 0,
 0, 0, 0, 0, 0, 0, 0, 0, 0, 0, 0, 0, 2, 3, 2, 3, 0, 6, 0, 0, 0, 0, 0, 0, 0, 0, 0, 0,
 0, 0, 0, 0, 0, 0, 2, 3,13,13,13,13, 1, 2, 3, 4, 0, 6,13,13, 2, 3, 0, 0, 0, 0, 0, 0,
 0, 4, 0,i2, 0, 0, 1, 4, 0, 0, 0, 0, 2, 3, 2, 3, 0, 6, 0, 0, 1, 4, 0, 0,i1, 0, 1, 0,
 0, 1,13,13,13,13, 2, 3, 0, 0, 0, 0, 1, 2, 3, 4, 0, 6, 0, 0, 2, 3,13,13,13,13, 4, 0,
 0, 4, 0, 0, 0, 0, 1, 4, 0, 0, 0, 0, 2, 3, 2, 3, 0, 6, 0, 0, 1, 4, 0, 0, 0, 0, 1, 0,
 0, 0, 0, 0, 0, 0, 2, 3, 0, 0, 6, 0, 1, 2, 3, 4, 0, 6, 0, 0, 2, 3, 0, 0, 0, 0,10, 0,
 0, 4, 0, 0, 0, 0, 1, 4,13,13, 6, 0, 2, 3, 2, 3,13,13,13,13, 1, 4, 0, 0, 0, 0, 1, 0,
 0, 1, 0,i1, 0, 0, 2, 3, 0, 0, 6, 0,10, 2, 3,10, 0, 0, 0, 0, 2, 3, 0, 0,i2, 0, 4, 0,
 0, 4,13,13,13,13, 1, 4, 0, 0, 6, 0, 0,10, 0, 0, 0, 0, 0, 0, 1, 4,13,13,13,13, 1, 0,
 0, 1, 0, 0, 0, 0, 2, 3, 0, 0, 6, 0, 0,ER,i1, 0, 0, 0, 0, 0, 2, 3, 0, 0, 0, 0, 4, 0,
 0, 9, 0, 0, 0, 0, 1, 4,13,13,13,13, 2, 3, 2, 3,13,13,13,13, 1, 4, 0, 0, 0, 0, 0, 0,
 0, 0, 0, 0, 0, 0, 0, 1, 0, 0, 0, 0, 0, 9,10,10, 0, 0, 0, 0, 4, 0, 0, 0, 0, 0, 0, 0,
 0, 0, 0, 0, 0, 0, 0, 9, 0, 0, 0, 0, 0, 0, 0, 0, 0, 0, 0, 0, 0, 0, 0, 0, 0, 0, 0, 0,
 0, 0, 0, 0, 0, 0, 0, 0, 0, 0, 0, 0, 0, 0, 0, 0, 0, 0, 0, 0, 0, 0, 0, 0, 0, 0, 0, 0,
 0, 0, 0, 0, 0, 0, 0, 0, 0, 0, 0, 0, 0, 0, 0, 0, 0, 0, 0, 0, 0, 0, 0, 0, 0, 0, 0, 0,
 0, 0, 0, 0, 0, 0, 0, 0, 0, 0, 0, 0, 0, 0, 0, 0, 0, 0, 0, 0, 0, 0, 0, 0, 0, 0, 0, 0, 
 
 
 
 
 level 15 made in heaven  vertical   5
 
 
 
 0, 1, 0, 0, 2, 3, 0, 0, 2, 3, 2, 3, 2, 3, 2, 3, 2, 3, 2, 3, 0, 0, 2, 3, 0, 0, 4, 0,
 0, 4,13,13, 2, 3, 0, 0, 1, 2, 3, 2, 3, 2, 3, 2, 3, 2, 3, 4, 0, 0, 2, 3,13,13, 1, 0,
 0, 1, 0, 0, 0, 1, 0, 0, 2, 3, 2, 3, 2, 3, 2, 3, 2, 3, 2, 3, 0, 0, 1, 0, 0, 0, 4, 0,
 0, 4, 0,i2, 0, 4, 0, 0, 0, 2, 3, 2, 3, 2, 3, 2, 3, 2, 3, 0, 0, 0, 4, 0, 0, 0, 1, 0,
 0, 1, 0, 0, 0, 1, 0, 0, 0, 9,10, 0, 0, 0,10, 0, 0, 9,10, 0, 0, 0, 1, 0, 0, 0, 4, 0,
 0, 4, 0,PL, 6, 4, 0, 0, 0, 0, 0, 0, 0, 0, 0, 0, 0, 0, 0, 0, 0, 0, 4, 0,i1, 0, 1, 0,
 0, 1, 2, 3, 6, 1, 0,EL,i2,i2,i2, 0, 0, 0, 0, 0,i1,i1,i1, 0, 0, 0, 2, 3, 2, 3, 4, 0,
 0, 0, 0, 0, 6, 2, 3, 4,13,13,13,13,13,13,13,13,13,13,13,13, 1, 2, 3, 0,10,10, 0, 0,
 0, 0, 0, 0, 0, 0, 2, 3, 0, 0, 0, 0, 0, 0, 0, 0, 0, 0, 0, 0, 2, 3, 0, 0, 0, 0, 0, 0,
 0, 0, 0, 0, 0, 0, 9,10, 0, 0, 0, 0, 0, 0, 0, 0, 0, 0, 0, 0, 0, 9, 0, 0, 0, 0, 0, 0,
 0, 0, 0, 0, 0, 0, 0, 0, 0, 0, 0, 0, 0, 0, 0, 0, 0, 0, 0, 0, 0, 0, 0, 0, 0, 0, 0, 0,
 0, 0, 0, 0, 0, 0, 0, 0, 0, 0, 0, 0, 0, 0, 0, 0, 0, 0, 0, 0, 6, 0, 0, 0, 0, 0, 0, 0,
 0, 2, 3, 2, 3, 2, 3, 0, 0, 0, 0,i1,i1,EU,i1,i1, 0, 0, 0, 0, 6, 4,13,13,13,13, 4, 0,
 0, 4, 0, 0, 0, 0, 2, 3,13,13,13,13,13, 0,13,13,13,13,13,13, 2, 3, 0, 0, 0, 0, 1, 0,
 0, 1, 0, 0, 0, 0, 2, 3, 0, 0, 0, 0, 0, 0, 0, 0, 0, 0, 0, 0, 2, 3, 0, 0, 0, 0, 4, 0,
 0, 4, 0, 0, 0, 0, 2, 3, 0, 0, 0, 0, 0, 0, 0, 0, 0, 0, 0, 0, 2, 3, 0, 0,i1, 0, 1, 0,
 0, 1,13,13,13,13, 2, 3,16,16,16,16,16,16,16,16,16,16,16,16, 2, 3,13,13,13,13, 4, 0,
 0, 4, 0, 0, 0, 0, 2, 3,17,18,17,18,17,18,17,18,17,18,17,18, 2, 3, 0, 0, 0, 0, 1, 0,
 0, 1, 0, 0, 0, 0, 2, 3,18,17,18,17,18,17,18,17,18,17,18,17, 2, 3, 0, 0, 0, 0, 4, 0,
 0, 4, 0, 0, 0, 0, 2, 3,17,18,17,18,17,18,17,18,17,18,17,18, 2, 3, 0, 0, 0, 0, 1, 0,

 
 
 
 
 level 16 underwater  2  horizontal 
 
 
 0, 0, 2, 3, 4, 1, 0, 0, 0, 0, 0, 0, 0, 0, 0, 0, 0, 0, 0, 0, 0, 0, 4, 2, 3, 5, 0, 0,
16,16, 4, 1, 5, 4,16,16,16,16,16,16,16,16,16,16,16,16,16,16,16,16, 5, 1, 2, 3,16,16,
17,18, 5, 2, 3, 5,17,17,17,17, 1, 2, 3, 1, 4, 1, 2, 3,17,17,17,17, 2, 3, 4, 1,17,17,
17,18, 2, 3, 1, 4,17,17,17,17, 4, 1, 2, 3, 5, 4, 1, 4,17,17,17,17, 4, 1, 5, 4,17,17,
 3, 1, 4, 2, 3, 5, 1, 2, 3, 1, 5, 4, 1, 2, 3, 5, 4, 5, 1, 2, 3, 1, 5, 4, 1, 5, 2, 3,
 2, 3, 5, 4, 1, 2, 3, 4, 1, 2, 3, 5, 0, 0, 0, 0, 5, 1, 2, 3, 1, 2, 3, 5, 4, 2, 3, 1,
 1, 2, 3, 5, 2, 3, 1, 5, 0,10, 0,10, 0, 0, 0, 0, 0,10, 9, 0, 2, 3, 2, 3, 5, 1, 2, 3,
 4, 1, 2, 3, 0, 0, 0, 0, 0, 0, 0, 0, 0, 0, 0, 0, 0, 0, 0, 0, 0, 0, 0, 0, 2, 3, 1, 4,
 5, 0, 0, 0, 0, 0, 0, 0, 0, 0, 0, 0, 0, 0, 0, 0, 0, 0, 0, 0, 0, 0, 0, 0, 0, 0, 0, 5,
 1, 0, 0, 6, 0, 0, 0, 0, 0, 0, 0, 6, 0,i1,i1, 0, 6, 0, 0, 0, 0, 0, 0, 0, 6, 0, 0, 1,
 3, 0, 0, 6, 2, 3, 0, 0, 0, 0, 0, 6, 1, 2, 3, 4, 6, 0, 0, 0, 0, 0, 4, 1, 6, 0, 0, 2,
 4, 0, 0, 6, 4, 1, 0, 0, 0, 0, 0, 6, 2, 3, 1, 5, 6, 0, 0, 0, 0, 0, 5, 4, 6, 0, 0, 4,
 5,PL, 0, 6, 5, 4,13,13,13,13, 2, 3, 1, 4, 2, 3, 1, 4,13,13,13,13, 1, 5, 6, 0, 0, 5,
 2, 3,13, 6, 1, 5, 0, 0, 0, 0, 1, 2, 3, 5, 1, 2, 3, 5, 0, 0, 0, 0, 2, 3, 6,13, 2, 3,
 1, 0, 0, 6, 0,10, 0, 0,i2, 0,10, 9, 0, 0, 0, 0,10, 0, 0,i2, 0, 0, 9, 0, 6, 0, 0, 1,
 4, 0, 0, 6, 0, 0, 0, 0, 0, 0, 0, 0, 0, 0, 0, 0, 0, 0, 0, 0, 0, 0, 0, 0, 6, 0, 0, 4,
 5, 0, 0, 6, 0, 0, 0, 0, 0, 0, 0, 0, 0, 0, 0, 0, 0, 0, 0, 0, 0, 0, 0, 0, 6, 0, 0, 5,
 3,ER, 0, 6, 0,ER, 0, 0, 0, 0, 0, 0,i2,i2,i2,i2, 0, 0, 0, 0, 0, 0,EL, 0, 6, 0,EL, 1,
 1, 2, 3, 1, 4, 2, 3, 1, 4, 2, 3, 1, 4, 1, 2, 3, 4, 1, 2, 3, 1, 2, 3, 4, 1, 2, 3, 4,
 2, 3, 1, 4, 5, 1, 2, 3, 5, 4, 3, 3, 5, 2, 3, 1, 5, 2, 3, 1, 2, 3, 1, 5, 2, 3, 1, 5,
 
 
 
 
 
 LEVEL 17  ZUPAPIXELS   HORIZONTAL 9
 
 
  
 
 
 0, 0, 0, 0, 0, 0, 0, 0, 0, 0, 0, 0, 0, 0, 0, 0, 0, 0, 0, 0, 0, 0, 0, 0, 0, 0, 0, 0,
 0, 0, 0, 0, 0, 0, 0, 0, 0, 0, 0, 0, 0, 0, 0, 0, 0, 0, 0, 0, 0, 0, 0, 0, 0, 0, 0, 0,
 0, 0, 0, 0, 0, 0, 0, 0, 0, 0, 0, 0, 0, 0, 0, 0, 0, 0, 0, 0, 0, 0, 0, 0, 0, 0, 0, 0,
 0, 0, 0,PL, 0, 0, 0, 0, 0, 0, 0, 0, 0,EL, 0, 0, 0, 0, 0,i2, 0, 0, 0, 0, 0, 0, 0, 0,
 0, 0, 2, 3, 1, 4, 1, 0, 2, 3, 1, 4, 1, 2, 3, 1, 2, 3, 0, 1, 2, 3, 4, 1, 2, 3, 0, 0,
 0, 0, 0, 2, 3, 5, 0, 0, 0, 2, 3, 5, 2, 3, 1, 2, 3, 0, 0, 0, 1, 4, 5, 2, 3, 0, 0, 0,
 0, 0, 0, 0, 1, 0,ED, 0, 0, 0, 9,10, 0, 4, 0,10, 9,ED, 0, 0, 0, 5, 0, 9,10, 0, 0, 0,
 0, 0, 0, 0, 4, 0, 0, 0, 0, 0, 0, 0, 0, 5, 0, 0, 0, 0, 0, 0, 0, 1, 0, 0, 0, 0, 0, 0,
 0, 0, 0, 0, 5, 0, 0, 0, 0, 0, 0, 0, 0, 2, 0, 0, 0, 0, 0, 0, 0, 4, 0, 0, 0, 0, 0, 0,
 0, 0, 0,i1, 4, 0, 0,i1, 0, 0, 0, 0, 0, 4, 0, 0, 0, 0, 0,i1, 0, 5,i1, 0, 0, 0, 0, 0,
 0, 0, 2, 3, 5, 1, 2, 3, 4, 1, 2, 3, 0, 5, 4, 0, 2, 3, 4, 1, 2, 3, 4, 1, 2, 3, 0, 0,
 0, 0, 0, 1, 1, 2, 3, 1, 5, 2, 3, 0, 0, 2, 5, 0, 0, 1, 5, 2, 3, 1, 5, 2, 3, 0, 0, 0,
 0, 0, 0, 0,10, 9, 0, 4, 0, 0, 0, 0, 0,10, 9, 0, 0, 0, 1, 0,10, 0,10, 9, 0, 0, 0, 0,
 0, 0, 0, 0, 0, 0, 0, 5, 0, 0, 0, 0, 0,ED, 0, 0, 0, 0, 4, 0, 0, 0, 0, 0, 0, 0, 0, 0,
 0, 0, 0, 0, 0, 0, 0, 1, 0, 0, 0, 0, 0, 0, 0, 0, 0, 0, 5, 0, 0, 0, 0, 0, 0, 0, 0, 0,
 0, 0, 0, 0,i1, 0, 0, 4, 0, 0, 0,i1, 0, 0, 0,i1, 0, 0, 1, 0, 0, 0,i1, 0, 0, 0, 0, 0,
 0, 0, 1, 2, 3, 1, 4, 5, 1, 2, 3, 1, 4, 1, 2, 3, 4, 2, 3, 1, 2, 3, 1, 4, 2, 3, 0, 0,
 0, 0, 0, 1, 2, 3, 5, 2, 3, 1, 2, 3, 5, 2, 3, 1, 5, 1, 2, 3, 1, 2, 3, 5, 1, 0, 0, 0,
 0, 0, 0, 0, 0, 0,10,10, 0, 0,10, 0, 9, 0, 0, 0,10,10,10, 0, 0, 0,10, 9, 0, 0, 0, 0,
 0, 0, 0, 0, 0, 0, 0, 0, 0, 0, 0, 0, 0, 0, 0, 0, 0, 0, 0, 0, 0, 0, 0, 0, 0, 0, 0, 0,
 
 
 
 
 
 LEVEL 18 SKULLOPEDIA    HORIZONTAL   4
 
 
 
 3, 1, 2, 3, 1, 2, 3, 4, 2, 3, 1, 2, 3, 0, 0, 0, 0, 0, 0, 0, 0, 0, 0, 0, 0, 0, 0, 0,
 2, 3, 4, 1, 2, 3, 1, 5, 1, 2, 3, 4, 2, 3, 0, 0, 0, 0, 0, 0, 0, 0, 0, 0, 0, 0, 0, 0,
 0, 1, 5, 0, 0, 9,10, 0,10, 0, 0, 5, 1, 0, 0, 0, 0, 0, 0, 0, 0, 0, 0, 0, 0, 0, 0, 0,
 0, 4, 0, 0,ED, 0, 0, 0, 0, 0, 0, 0, 4, 0, 0, 0, 0, 0, 0, 0, 0, 0, 0, 0, 0, 0, 0, 0,
 0, 5, 0, 0, 0, 0, 0, 0, 0,ED, 0, 0, 5, 0, 0, 0, 0, 0, 0, 0, 0, 0, 0, 0, 0, 0, 0, 0,
 0, 1, 0, 0, 0, 0, 0, 0, 0, 0, 0, 0, 1, 0, 0, 0, 0, 0, 0, 0, 0, 0, 0, 0, 0, 0, 0, 0,
 0, 4, 0, 0, 0, 0, 0, 0, 0, 0, 0, 0, 4, 0, 0, 0, 0, 0, 0, 0, 0, 0, 0, 0, 0, 0, 0, 0,
 0, 5, 0,i1, 0,i1, 0, 0,i1, 0,i1, 0, 5, 0, 6, 0, 0, 0, 0, 0, 0,EL, 0, 0, 0, 0, 0, 0,
 0, 1, 4, 2, 3, 1, 4, 1, 2, 3, 4, 1, 2, 3, 6,13, 2, 3, 1, 4, 2, 3, 2, 3, 1, 2, 3, 4,
 0, 0, 5, 1, 2, 3, 5, 2, 3, 1, 5, 2, 3, 0, 6, 0, 1, 2, 3, 5, 1, 2, 3, 1, 2, 3, 4, 5,
 0, 0, 0,10, 9,10, 0, 0,10, 0,10, 9, 0, 0, 6, 0, 4, 1, 0, 0, 0, 9,10, 0, 0, 0, 5, 1,
 0, 0, 0, 0, 0, 0, 0, 0, 0, 0, 0, 0, 0, 0, 6, 0, 5, 0, 0, 0, 0, 0, 0, 0,ED, 0, 0, 2,
 0, 0, 0, 0, 0, 0, 0, 0, 0, 0, 0, 0, 0, 0, 6, 0, 1, 0, 0,ED, 0, 0, 0, 0, 0, 0, 0, 1,
 0, 0, 0, 0, 0, 0, 0, 0, 0, 0, 0, 0, 0, 0, 6, 0, 4, 0, 0, 0, 0, 0, 0, 0, 0, 0, 0, 4,
 0, 0, 0, 0, 0, 0, 0, 0, 0, 0, 0, 0, 0, 0, 6, 0, 5, 0, 0, 0, 0, 0, 0, 0, 0, 0, 0, 5,
 0, 0, 0, 0, 0, 0, 0, 0,PL, 0, 0, 0, 0, 0, 6, 0, 1, 0,i1, 0,i1, 0, 0,i1, 0,i1, 0, 1,
 0, 0, 2, 3, 1, 4, 1, 2, 3, 1, 2, 3, 1, 2, 3, 2, 3, 4, 2, 3, 2, 3, 1, 2, 3, 4, 1, 2,
 0, 0, 0, 2, 3, 5, 2, 3, 1, 2, 3, 0, 0, 0, 0, 0, 0, 5, 1, 2, 3, 1, 2, 3, 1, 5, 2, 3,
 0, 0, 0,10, 0,10, 9, 0, 0,10, 0, 0, 0, 0, 0, 0, 0, 0, 0, 0, 0, 0, 0,10, 9, 0,10, 0,
 0, 0, 0, 0, 0, 0, 0, 0, 0, 0, 0, 0, 0, 0, 0, 0, 0, 0, 0, 0, 0, 0, 0, 0, 0, 0, 0, 0,
 
 
 
 
 
 
 LEVEL 19 AFTER THE WAR    VERTICAL 3
 
 
 
 
 0, 0, 0, 0, 0, 0, 0, 0, 0, 0, 0, 0, 0, 0, 0, 0, 0, 0, 0, 0, 0, 0, 0, 0, 0, 0, 0, 0,
 0, 0, 0,PL, 0, 0, 6, 0, 0, 0, 0, 0, 0, 0, 0, 0, 0, 0, 0, 0, 0, 0, 0, 0, 0, 0, 0, 0,
 0, 0, 2, 3,13,13, 6,13, 2, 3, 0, 0, 0, 0, 0, 0, 0, 0, 0, 0, 0, 0, 0, 0, 0, 0, 0, 0,
 0, 0, 0, 1, 0, 0, 6, 0, 1, 0, 0, 0, 0, 0, 0,ER, 0,i1, 0, 0, 0, 6, 0, 0,i1, 0, 0, 0,
 0, 0, 0,10, 0, 0, 6, 0,10, 0, 0, 0, 1, 2, 3, 1, 4, 2, 3, 1,13, 6,13,13, 2, 3, 0, 0,
 0, 0, 0, 0, 0, 0, 6, 0, 0, 0, 0, 0, 0, 1, 2, 3, 5, 1, 2, 3, 0, 6, 0, 0, 1, 0, 0, 0,
 0, 0, 0, 0, 0, 0, 6, 0, 0, 0, 0, 0, 0,10, 0, 0,10, 9,10, 0, 0, 6, 0, 0,10, 0, 0, 0,
 0, 0, 0, 0, 0, 0, 6, 0, 0, 0, 0, 0, 0, 0, 0, 0, 0, 0, 0, 0, 0, 6, 0, 0,ED, 0, 0, 0,
 0, 0, 0, 0, 0, 0, 6, 0, 0, 0, 0, 0, 0, 0, 0, 0, 0, 0, 0, 0, 0, 6, 0, 0, 0, 0, 0, 0,
 0, 0, 0, 0, 0, 0, 6, 0, 0, 0, 0, 0, 0, 0, 6, 0, 0,i1, 0, 0, 0, 6, 0, 0, 0, 0, 0, 0,
 0, 0, 0, 0, 0, 0, 0, 0, 0, 0, 1, 4,13,13, 6,13, 2, 3, 0, 0, 0, 6, 0, 0, 0, 0, 0, 0,
 0, 0, 0, 0, 0, 0,EL, 0, 0, 0, 4, 5, 0, 0, 6, 0, 1, 0, 0, 0, 0, 6, 0, 0,i1, 0, 0, 0,
 0, 0, 2, 3, 1, 4, 1, 2, 3, 1, 5, 1, 0, 0, 6, 0,10, 0, 0, 0, 2, 3, 1, 4, 2, 3, 0, 0,
 0, 0, 0, 2, 3, 5, 2, 3, 2, 3, 1, 0, 0, 0, 6, 0, 0, 0, 0, 0, 0, 2, 3, 5, 1, 0, 0, 0,
 0, 0, 0, 0,10,10, 0, 0, 0,10, 0, 0, 0, 0, 6, 0, 0, 0, 0, 0, 0, 0, 9,10, 0, 0, 0, 0,
 0, 0, 0, 0,i1,i1, 0, 0,i1,i1, 0, 0, 0, 0, 0, 0, 0, 0, 0, 0, 0, 0, 0, 0, 0, 0, 0, 0,
 0, 0, 1, 2, 3, 1, 2, 3, 4, 1, 2, 3, 0, 0, 0, 0, 0, 0, 0, 0,EL, 0, 0, 0, 0, 0, 0, 0,
 0, 0, 0, 1, 2, 3, 0, 0, 5, 2, 3, 0, 0, 0, 0, 0, 1, 2, 3, 1, 2, 3, 4, 1, 2, 3, 0, 0,
 0, 0, 0, 0,10,10, 0, 0,10, 9, 0, 0, 0, 0, 0, 0, 0, 1, 2, 3,10,10, 5, 2, 3, 0, 0, 0,
 0, 0, 0, 0, 0, 0, 0, 0, 0, 0, 0, 0, 0, 0, 0, 0, 0, 0, 0, 0, 0, 0, 0, 0, 0, 0, 0, 0, 
 
 
 
 
 
 
 level 20 virus kvartirus   horizontal  6
 
 
 
 
 
 0, 0, 0, 0, 0, 0, 0, 0, 0, 0, 0, 0, 2, 3, 1, 0, 0, 0, 0, 0, 0, 0, 0, 0, 0, 0, 0, 0,
 0, 0, 6, 0, 0, 0, 0, 6, 0, 0, 0, 0, 4, 2, 3, 0, 0, 0, 0, 6, 0, 0, 0, 0, 0, 0, 0, 0,
 0, 0, 6,13, 2, 3,13, 6, 0, 2, 3, 0, 5, 1, 4, 0, 2, 3,13, 6, 0,13, 2, 3,13, 0, 0, 0,
 0, 0, 6, 0, 0, 0, 0, 6, 0, 4, 0, 0, 2, 3, 5, 0, 0, 1, 0, 6, 0, 0, 0, 0, 0, 0, 0, 0,
 0, 0, 6, 0, 0, 0, 0, 6, 0, 5, 0, 0,10,10,10, 0, 0, 4, 0, 6,i1, 0, 0, 0, 0,i1, 0, 0,
 0, 0, 6, 0, 0, 0, 0, 6, 0, 1, 0, 0,ER,i1, 0, 0, 0, 5, 0, 6, 0, 0, 0, 0, 0, 0, 0, 0,
 0, 0, 6, 0, 0, 0, 0, 6, 0, 2, 3, 1,13,13,13,13, 2, 3, 0, 6,i1, 0, 0, 0, 0,i1, 0, 0,
 0, 0, 6, 0, 0, 0, 0, 6, 0, 1, 0, 0, 0, 0, 0, 0, 0, 4, 0, 6, 0, 0, 0, 0, 0, 0, 0, 0,
 0, 0, 6, 0, 0, 0, 0, 6, 0, 4, 0, 0, 0, 0, 0, 0, 0, 5, 0, 0,i1, 0, 0, 0, 0,i1, 0, 0,
 0, 0, 6, 0, 0, 0, 0, 6, 0, 5, 0, 0, 0,i1,EL, 0, 0, 1, 0, 0, 0, 0, 0, 0, 0, 0, 0, 0,
 0, 0, 6, 0, 0, 0, 0, 6, 0, 1, 2, 3,13,13,13,13, 2, 3, 0, 0,i1, 0, 0, 0, 0,i1, 0, 0,
 0, 0, 6, 0, 0, 0, 0, 6, 0, 4, 0, 0, 0, 0, 0, 0, 0, 1, 0, 0, 0, 0, 0, 0, 0, 0, 0, 0,
 0, 0, 6, 0, 0, 0, 0, 6, 0, 5, 0, 0, 0, 0, 0, 0, 0, 4, 0, 0,ED, 0, 0, 0, 0,ED, 0, 0,
 0, 0, 6, 0, 0, 0, 0, 6, 0, 1, 0, 0, 0,i1, 0, 0, 0, 5, 0, 0, 0, 0, 0, 0, 0, 0, 0, 0,
 0, 0, 6, 0, 0, 0, 0, 6, 0, 2, 3, 1, 2, 3, 2, 3, 2, 3, 0, 0, 0, 0, 0, 0, 0, 0, 0, 0,
 0, 0, 6, 0, 0, 0, 0, 6, 0, 1, 0, 0, 0, 4, 0, 0, 0, 1, 0, 0, 0, 0, 0,PL, 0, 0, 0, 0,
 0, 2, 3, 1, 5, 4, 2, 3, 1, 4, 2, 3, 1, 5, 1, 2, 3, 4, 2, 3, 1, 4, 1, 2, 3, 4, 1, 0,
 0, 0, 2, 3, 1, 5, 1, 2, 3, 4, 1, 2, 3, 1, 2, 3, 1, 5, 1, 2, 3, 5, 2, 3, 1, 5, 0, 0,
 0, 0, 0, 0,10, 9,10, 0,10, 9, 0, 0, 0, 0, 9,10,10, 0, 0, 0, 0, 0,10, 9, 0, 0, 0, 0,
 0, 0, 0, 0, 0, 0, 0, 0, 0, 0, 0, 0, 0, 0, 0, 0, 0, 0, 0, 0, 0, 0, 0, 0, 0, 0, 0, 0,
 
 
 
 
 
 
 
 
 LEVEL 21 NEVERSKULL HORIZONTAL 2
 
 
 
 
 
 0, 0, 0, 0, 0, 0, 0, 0, 0, 0, 0,11, 2, 3, 1, 4, 0, 0, 0, 0, 0, 0, 0, 0, 0, 0, 0, 0,
 0, 0, 0, 0, 0, 0, 0, 0, 0, 0, 0, 0, 4, 0, 0, 5,12, 0, 0, 0, 0, 0, 0, 0, 0, 0, 0, 0,
 0, 0, 0, 6, 0, 0, 0,i1, 0, 0,i1, 0, 5, 2, 3, 1, 0,i1, 0, 0,i1, 0, 0, 0, 6, 0, 0, 0,
 0, 0, 0, 6, 2, 3,13,13,13,13,13,13, 1, 2, 3, 1,13,13,13,13,13,13, 1, 4, 6, 0, 0, 0,
 0, 0, 0, 6, 4,13, 0, 0, 0, 0, 0, 0,10,10, 9,10, 0, 0, 0, 0, 0, 0,13, 5, 6, 0, 0, 0,
 0, 0, 0, 6, 5, 0, 0,i1, 0, 0,EL, 0, 0, 0, 0, 0, 0,ER, 0, 0,i1, 0, 0, 1, 6, 0, 0, 0,
 0, 0, 0, 6, 1, 0, 1, 2, 3, 1, 2, 3, 0, 0, 0, 0, 1, 2, 3, 1, 2, 3, 0, 4, 6, 0, 0, 0,
 0, 0, 0, 6, 4, 0, 0, 0, 0, 0, 0, 0, 0, 0, 0, 0, 0, 0, 0, 0, 0, 0, 0, 5, 6, 0, 0, 0,
 0, 0, 0, 6, 5, 1,16,16,16,16,16,16,16,16,16,16,16,16,16,16,16,16, 4, 1, 6, 0, 0, 0,
 0, 0, 0, 6, 2, 3,17,18,17,18,17,18,17,18,17,18,17,18,17,18,17,18, 5, 4, 6, 0, 0, 0,
 0, 0, 0, 6, 1, 2, 3, 4, 2, 3, 1, 4, 2, 3, 2, 3, 5, 2, 3, 1, 4, 2, 3, 5, 6, 0, 0, 0,
 0, 0, 0, 6, 2, 3, 1, 5, 1, 2, 3, 5, 1, 2, 3, 1, 5, 1, 2, 3, 5, 1, 2, 3, 6, 0, 0, 0,
 0, 0, 0, 6,13, 0,10,10, 0,13,13, 0,10, 9,10, 0, 0,13,13, 0,10,10, 0,13, 6, 0, 0, 0,
 0, 0, 0, 6, 0, 0, 0, 0, 0, 0, 0, 0, 0, 0, 0, 0, 0, 0, 0, 0, 0, 0, 0, 0, 6, 0, 0, 0,
 0, 1, 0, 6, 0, 0, 0, 0, 0, 0, 0, 0, 0, 0, 0, 0, 0, 0, 0, 0, 0, 0, 0, 0, 6, 0, 4, 0,
 0, 4, 0, 6, 0, 0, 0, 0, 0, 0,PL, 0, 0, 0, 0, 0, 0, 0, 0, 0, 0, 0, 0, 0, 6, 0, 5, 0,
 0, 5, 2, 3, 1, 4, 2, 3, 2, 3, 1, 2, 3, 4, 1, 2, 3, 1, 4, 1, 2, 3, 4, 1, 2, 3, 1, 0,
 0,13, 1, 2, 3, 5, 1, 2, 3, 1, 2, 3, 1, 5, 2, 3, 2, 3, 5, 2, 3, 1, 5, 2, 3, 1,13, 0,
 0, 0,13, 0, 9,10, 0, 0,10,10, 0, 0, 0,10, 0, 0,10, 0,10, 9,10, 0,10, 9, 0,13, 0, 0,
 0, 0, 0, 0, 0, 0, 0, 0, 0, 0, 0, 0, 0, 0, 0, 0, 0, 0, 0, 0, 0, 0, 0, 0, 0, 0, 0, 0, 
 
 
 
 
 
 
 
 
 
 LEVEL 22 OLD TOWER HORIZONTAL 3
 
 
 
 
 
 
 1, 2, 3, 4, 2, 3, 5, 4, 2, 3, 1, 5, 2, 3, 4, 5, 1, 2, 3, 1, 4, 2, 3, 2, 3, 4, 2, 3,
 2, 3, 1, 5, 1, 2, 3, 5, 1, 2, 3, 2, 3, 4, 5, 2, 3, 1, 2, 3, 5, 1, 2, 3, 1, 5, 4, 1,
 1, 4, 2, 3, 0,10, 9,10,10,10, 9,10, 0, 5, 2, 3, 1, 0,10, 9,10,10, 9, 0, 2, 3, 5, 2,
 4, 5, 1, 0, 0, 0, 0, 0, 0, 0, 0, 0, 0, 0, 1, 4, 0, 0, 0, 0, 0, 0, 0, 0, 0, 1, 2, 3,
 5, 1, 0, 0, 0, 0,ED, 0, 0, 0, 0, 0, 0, 0, 4, 5,ED, 0, 0, 0, 0, 0, 0, 0, 0, 0, 4, 1,
 2, 3, 0, 0, 0, 0, 0, 0, 0, 0, 0, 0, 0, 0, 5, 1, 0, 0, 0, 0, 0, 0, 0, 0, 0, 0, 5, 4,
 1, 4, 0, 0, 0, 0, 0, 0, 0, 0, 0, 0, 0, 0,10, 9, 0, 0, 0, 0, 0, 0, 0, 0, 0, 0, 1, 5,
 4, 5, 0, 0, 0,i1,i1,i1, 0, 0, 0, 0, 0, 0,i1, 0, 0,i1,i1, 0, 0, 0, 0, 6, 0, 0, 2, 3,
 5, 4, 0, 1, 2, 3, 1, 2, 3, 1, 0, 0, 0, 0, 1, 2, 3, 2, 3, 0, 0, 0, 0, 6, 1, 2, 3, 4,
 1, 5, 0,13, 0, 0, 0, 0,13, 0, 0, 0, 0, 0, 2, 3, 0, 0,13, 0, 0, 0, 0, 6,13, 0, 4, 5,
 2, 3, 0,ED, 0, 0, 0, 0, 0, 0, 0, 0, 0, 0, 4, 1, 0, 0, 0, 0, 0, 0, 0, 6, 0, 0, 5, 2,
 3, 4, 0, 0, 0, 0, 0, 0, 6, 0,i1,i1, 0, 0, 5, 4, 0, 0, 0, 0, 0, 0, 0, 6, 0, 0, 2, 3,
 1, 5, 0,i2, 0, 0, 2, 3, 6, 1, 2, 3, 1, 0, 1, 5, 0, 0, 0, 0, 0, 0, 0, 6, 0, 0, 4, 1,
 2, 3, 0,i2, 0, 0, 0, 0, 6, 0, 0, 0,13, 0, 2, 3, 0, 0, 0, 0, 0, 0, 0, 6, 0, 0, 5, 4,
 3, 1, 0, 0, 0, 0, 0, 0, 6, 0, 0, 0, 0, 0, 1, 4, 0, 0, 0, 0, 0, 0, 0, 6, 0, 0, 1, 5,
 2, 3, 0, 0, 0, 0,i1,PL, 6, 0, 0, 0, 0, 0, 4, 5, 0,i1,i1, 0, 0, 0, 0, 6, 0, 0, 2, 3,
 1, 4, 0, 0, 0, 1, 2, 3, 2, 3, 1, 0, 0, 0, 5, 1, 0, 1, 2, 3, 0, 0, 0, 6, 0, 0, 1, 2,
 3, 5, 0, 0, 0,13, 0, 0, 0, 0,13, 0, 0, 0, 2, 3, 0,13, 0,13, 0,i1, 0, 6, 0, 0, 2, 3,
 1, 4, 0, 0, 0, 0, 0, 0, 0, 0, 0, 0, 0, 0, 1, 4, 0, 0, 0, 0, 0, 1, 2, 3, 4, 2, 3, 1,
 4, 5, 0, 0, 0, 0, 0, 0, 0, 0, 0, 0, 0, 0, 4, 5, 0, 0, 0, 0, 0, 2, 3, 1, 5, 1, 2, 3,

 
 
 
 
 
 
 
 LEVEL 23 FAKE WALL HORIZONTAL 5
 
 
 
 
 
 0, 0, 0, 0, 0, 0, 0, 0, 0, 0, 0, 0, 0, 0, 0, 0, 0, 0, 0, 0, 0, 0, 0, 0, 0, 0, 0, 0,
 0, 0, 0, 0, 0, 0, 0, 0, 0, 0, 0, 0, 0, 0, 0, 0, 0, 0, 0, 0, 0, 0, 0, 0, 0, 0, 0, 0,
 0, 0, 0, 0, 0, 0, 0, 0, 0, 0, 0, 0, 0, 0, 0, 0, 0, 0, 0, 0, 0, 0, 0, 0, 0, 0, 0, 0,
 0, 0, 0, 0, 0, 0, 0, 0, 0, 0, 0, 0, 0, 0, 0, 0, 0, 0, 0, 0, 0, 0, 0, 0, 0, 0, 0, 0,
 0, 0, 0, 0, 0, 0, 0, 0, 0, 0, 0, 0, 0, 0, 0, 0, 0, 0, 0, 0, 0, 0, 0, 0, 0, 0, 0, 0,
 0, 0, 0, 0, 0, 0, 0, 0, 0, 0, 0, 0, 0, 0, 0, 0, 0, 0, 0, 0, 0, 0, 0, 0, 0, 0, 0, 0,
 0, 0, 0, 0, 0, 0, 0, 0, 0, 0, 0, 0, 0, 0, 0, 0, 0, 0, 0, 0, 0, 0, 0, 0, 0, 0, 0, 0,
 0, 0, 0, 0, 0, 0, 0, 0, 0, 0, 0, 0, 0, 0, 0, 0, 0, 0, 0, 0, 0, 0, 0, 0, 0, 0, 0, 0,
 0, 0, 0, 0, 0, 0, 0, 0, 0, 0, 0, 0, 0, 0, 0, 0, 0, 0, 0, 0, 0, 0, 0, 0, 0, 0, 0, 0,
 0, 0, 0, 0, 0, 0, 0, 0, 0, 0, 0, 0, 0, 0, 0, 0, 0, 0, 0, 0, 0, 0, 0, 0, 0, 0, 0, 0,
 0, 0, 0, 0, 0, 0, 0, 0, 0, 0, 0, 0, 0, 0, 0, 0, 0, 0, 0, 0, 0, 0, 0, 0, 0, 0, 0, 0,
 0, 0, 0, 0, 0, 0, 0, 0, 0, 0, 0, 0, 0, 0, 0, 0, 0, 0, 0, 0, 0, 0, 0, 0, 0, 0, 0, 0,
 0, 0, 0, 0, 0, 0, 0, 0, 0, 0, 0, 0, 0, 0, 0, 0, 0, 0, 0, 0, 0, 0, 0, 0, 0, 0, 0, 0,
 0, 0, 0, 0, 0, 0, 0, 0, 0, 0, 0, 0, 0, 0, 0, 0, 0, 0, 0, 0, 0, 0, 0, 0, 0, 0, 0, 0,
 0, 0, 0, 0, 0, 0, 0, 0, 0, 0, 0, 0, 0, 0, 0, 0, 0, 0, 0, 0, 0, 0, 0, 0, 0, 0, 0, 0,
 0, 0, 0, 0, 0, 0, 0, 0, 0, 0, 0, 0, 0, 0, 0, 0, 0, 0, 0, 0, 0, 0, 0, 0, 0, 0, 0, 0,
 0, 0, 0, 0, 0, 0, 0, 0, 0, 0, 0, 0, 0, 0, 0, 0, 0, 0, 0, 0, 0, 0, 0, 0, 0, 0, 0, 0,
 0, 0, 0, 0, 0, 0, 0, 0, 0, 0, 0, 0, 0, 0, 0, 0, 0, 0, 0, 0, 0, 0, 0, 0, 0, 0, 0, 0,
 0, 0, 0, 0, 0, 0, 0, 0, 0, 0, 0, 0, 0, 0, 0, 0, 0, 0, 0, 0, 0, 0, 0, 0, 0, 0, 0, 0,
 0, 0, 0, 0, 0, 0, 0, 0, 0, 0, 0, 0, 0, 0, 0, 0, 0, 0, 0, 0, 0, 0, 0, 0, 0, 0, 0, 0,
 
 
 
 
 
 
 
 level 24 almost there vertical 6
 
 
 
 
 
 
  0, 0, 0, 0, 0, 0, 0, 0, 0, 0, 0, 0, 0, 0, 0, 0, 0, 0, 0, 0, 0, 0, 0, 0, 0, 0, 0, 0,
 0, 0, 0, 0, 0, 0, 0, 0, 0, 0, 0, 0, 0, 0, 0, 0, 0, 0, 0, 0, 0, 0, 0, 0, 0, 0, 0, 0,
 0, 0, 0, 0, 0, 0, 0, 0, 0, 0, 0, 0, 0, 0, 0, 0, 0, 0, 0, 0, 0, 0, 0, 0, 0, 0, 0, 0,
 0, 0, 0, 0, 0, 0, 0, 0, 0, 0, 0, 0, 0, 0, 0, 0, 0, 0, 0, 0, 0, 0, 0, 0, 0, 0, 0, 0,
 0, 0, 0, 0, 0, 0, 0, 0, 0, 0, 0, 0, 0, 0, 0, 0, 0, 0, 0, 0, 0, 0, 0, 0, 0, 0, 0, 0,
 0, 0, 0, 0, 0, 0, 0, 0, 0, 0, 0, 0, 0, 0, 0, 0, 0, 0, 0, 0, 0, 0, 0, 0, 0, 0, 0, 0,
 0, 0, 0, 0, 0, 0, 0, 0, 0, 0, 0, 0, 0, 0, 0, 0, 0, 0, 0, 0, 0, 0, 0, 0, 0, 0, 0, 0,
 0, 0, 0, 0, 0, 0, 0, 0, 0, 0, 0, 0, 0, 0, 0, 0, 0, 0, 0, 0, 0, 0, 0, 0, 0, 0, 0, 0,
 0, 0, 0, 0, 0, 0, 0, 0, 0, 0, 0, 0, 0, 0, 0, 0, 0, 0, 0, 0, 0, 0, 0, 0, 0, 0, 0, 0,
 0, 0, 0, 0, 0, 0, 0, 0, 0, 0, 0, 0, 0, 0, 0, 0, 0, 0, 0, 0, 0, 0, 0, 0, 0, 0, 0, 0,
 0, 0, 0, 0, 0, 0, 0, 0, 0, 0, 0, 0, 0, 0, 0, 0, 0, 0, 0, 0, 0, 0, 0, 0, 0, 0, 0, 0,
 0, 0, 0, 0, 0, 0, 0, 0, 0, 0, 0, 0, 0, 0, 0, 0, 0, 0, 0, 0, 0, 0, 0, 0, 0, 0, 0, 0,
 0, 0, 0, 0, 0, 0, 0, 0, 0, 0, 0, 0, 0, 0, 0, 0, 0, 0, 0, 0, 0, 0, 0, 0, 0, 0, 0, 0,
 0, 0, 0, 0, 0, 0, 0, 0, 0, 0, 0, 0, 0, 0, 0, 0, 0, 0, 0, 0, 0, 0, 0, 0, 0, 0, 0, 0,
 0, 0, 0, 0, 0, 0, 0, 0, 0, 0, 0, 0, 0, 0, 0, 0, 0, 0, 0, 0, 0, 0, 0, 0, 0, 0, 0, 0,
 0, 0, 0, 0, 0, 0, 0, 0, 0, 0, 0, 0, 0, 0, 0, 0, 0, 0, 0, 0, 0, 0, 0, 0, 0, 0, 0, 0,
 0, 0, 0, 0, 0, 0, 0, 0, 0, 0, 0, 0, 0, 0, 0, 0, 0, 0, 0, 0, 0, 0, 0, 0, 0, 0, 0, 0,
 0, 0, 0, 0, 0, 0, 0, 0, 0, 0, 0, 0, 0, 0, 0, 0, 0, 0, 0, 0, 0, 0, 0, 0, 0, 0, 0, 0,
 0, 0, 0, 0, 0, 0, 0, 0, 0, 0, 0, 0, 0, 0, 0, 0, 0, 0, 0, 0, 0, 0, 0, 0, 0, 0, 0, 0,
 0, 0, 0, 0, 0, 0, 0, 0, 0, 0, 0, 0, 0, 0, 0, 0, 0, 0, 0, 0, 0, 0, 0, 0, 0, 0, 0, 0,
 
 
 
 
 
 
 
 
 
 level 25 final chamber horizontal 0
 
 
 
 
 
 
 
 
 0, 0, 0, 0, 0, 0, 0, 0, 0, 0, 0, 0, 0, 0, 0, 0, 0, 0, 0, 0, 0, 0, 0, 0, 0, 0, 0, 0,
 0, 0, 0, 0, 0, 0, 0, 0, 0, 0, 0, 0, 0, 0, 0, 0, 0, 0, 0, 0, 0, 0, 0, 0, 0, 0, 0, 0,
 0, 0, 0, 0, 0, 0, 0, 0, 0, 0, 0, 0, 0, 0, 0, 0, 0, 0, 0, 0, 0, 0, 0, 0, 0, 0, 0, 0,
 0, 0, 0, 0, 0, 0, 0, 0, 0, 0, 0, 0, 0, 0, 0, 0, 0, 0, 0, 0, 0, 0, 0, 0, 0, 0, 0, 0,
 0, 0, 0, 0, 0, 0, 0, 0, 0, 0, 0, 0, 0, 0, 0, 0, 0, 0, 0, 0, 0, 0, 0, 0, 0, 0, 0, 0,
 0, 0, 0, 0, 0, 0, 0, 0, 0, 0, 0, 0, 0, 0, 0, 0, 0, 0, 0, 0, 0, 0, 0, 0, 0, 0, 0, 0,
 0, 0, 0, 0, 0, 0, 0, 0, 0, 0, 0, 0, 0, 0, 0, 0, 0, 0, 0, 0, 0, 0, 0, 0, 0, 0, 0, 0,
 0, 0, 0, 0, 0, 0, 0, 0, 0, 0, 0, 0, 0, 0, 0, 0, 0, 0, 0, 0, 0, 0, 0, 0, 0, 0, 0, 0,
 0, 0, 0, 0, 0, 0, 0, 0, 0, 0, 0, 0, 0, 0, 0, 0, 0, 0, 0, 0, 0, 0, 0, 0, 0, 0, 0, 0,
 0, 0, 0, 0, 0, 0, 0, 0, 0, 0, 0, 0, 0, 0, 0, 0, 0, 0, 0, 0, 0, 0, 0, 0, 0, 0, 0, 0,
 0, 0, 0, 0, 0, 0, 0, 0, 0, 0, 0, 0, 0, 0, 0, 0, 0, 0, 0, 0, 0, 0, 0, 0, 0, 0, 0, 0,
 0, 0, 0, 0, 0, 0, 0, 0, 0, 0, 0, 0, 0, 0, 0, 0, 0, 0, 0, 0, 0, 0, 0, 0, 0, 0, 0, 0,
 0, 0, 0, 0, 0, 0, 0, 0, 0, 0, 0, 0, 0, 0, 0, 0, 0, 0, 0, 0, 0, 0, 0, 0, 0, 0, 0, 0,
 0, 0, 0, 0, 0, 0, 0, 0, 0, 0, 0, 0, 0, 0, 0, 0, 0, 0, 0, 0, 0, 0, 0, 0, 0, 0, 0, 0,
 0, 0, 0, 0, 0, 0, 0, 0, 0, 0, 0, 0, 0, 0, 0, 0, 0, 0, 0, 0, 0, 0, 0, 0, 0, 0, 0, 0,
 0, 0, 0, 0, 0, 0, 0, 0, 0, 0, 0, 0, 0, 0, 0, 0, 0, 0, 0, 0, 0, 0, 0, 0, 0, 0, 0, 0,
 0, 0, 0, 0, 0, 0, 0, 0, 0, 0, 0, 0, 0, 0, 0, 0, 0, 0, 0, 0, 0, 0, 0, 0, 0, 0, 0, 0,
 0, 0, 0, 0, 0, 0, 0, 0, 0, 0, 0, 0, 0, 0, 0, 0, 0, 0, 0, 0, 0, 0, 0, 0, 0, 0, 0, 0,
 0, 0, 0, 0, 0, 0, 0, 0, 0, 0, 0, 0, 0, 0, 0, 0, 0, 0, 0, 0, 0, 0, 0, 0, 0, 0, 0, 0,
 0, 0, 0, 0, 0, 0, 0, 0, 0, 0, 0, 0, 0, 0, 0, 0, 0, 0, 0, 0, 0, 0, 0, 0, 0, 0, 0, 0,
 
 
 
 

 
 
 

 0, 0, 0, 0, 0, 0, 0, 0, 0, 0, 0, 0, 0, 0, 0, 0, 0, 0, 0, 0, 0, 0, 0, 0, 0, 0, 0, 0,
 0, 0, 0, 0, 0, 0, 0, 0, 0, 0, 0, 0, 0, 0, 0, 0, 0, 0, 0, 0, 0, 0, 0, 0, 0, 0, 0, 0,
 0, 0, 0, 0, 0, 0, 0, 0, 0, 0, 0, 0, 0, 0, 0, 0, 0, 0, 0, 0, 0, 0, 0, 0, 0, 0, 0, 0,
 0, 0, 0, 0, 0, 0, 0, 0, 0, 0, 0, 0, 0, 0, 0, 0, 0, 0, 0, 0, 0, 0, 0, 0, 0, 0, 0, 0,
 0, 0, 0, 0, 0, 0, 0, 0, 0, 0, 0, 0, 0, 0, 0, 0, 0, 0, 0, 0, 0, 0, 0, 0, 0, 0, 0, 0,
 0, 0, 0, 0, 0, 0, 0, 0, 0, 0, 0, 0, 0, 0, 0, 0, 0, 0, 0, 0, 0, 0, 0, 0, 0, 0, 0, 0,
 0, 0, 0, 0, 0, 0, 0, 0, 0, 0, 0, 0, 0, 0, 0, 0, 0, 0, 0, 0, 0, 0, 0, 0, 0, 0, 0, 0,
 0, 0, 0, 0, 0, 0, 0, 0, 0, 0, 0, 0, 0, 0, 0, 0, 0, 0, 0, 0, 0, 0, 0, 0, 0, 0, 0, 0,
 0, 0, 0, 0, 0, 0, 0, 0, 0, 0, 0, 0, 0, 0, 0, 0, 0, 0, 0, 0, 0, 0, 0, 0, 0, 0, 0, 0,
 0, 0, 0, 0, 0, 0, 0, 0, 0, 0, 0, 0, 0, 0, 0, 0, 0, 0, 0, 0, 0, 0, 0, 0, 0, 0, 0, 0,
 0, 0, 0, 0, 0, 0, 0, 0, 0, 0, 0, 0, 0, 0, 0, 0, 0, 0, 0, 0, 0, 0, 0, 0, 0, 0, 0, 0,
 0, 0, 0, 0, 0, 0, 0, 0, 0, 0, 0, 0, 0, 0, 0, 0, 0, 0, 0, 0, 0, 0, 0, 0, 0, 0, 0, 0,
 0, 0, 0, 0, 0, 0, 0, 0, 0, 0, 0, 0, 0, 0, 0, 0, 0, 0, 0, 0, 0, 0, 0, 0, 0, 0, 0, 0,
 0, 0, 0, 0, 0, 0, 0, 0, 0, 0, 0, 0, 0, 0, 0, 0, 0, 0, 0, 0, 0, 0, 0, 0, 0, 0, 0, 0,
 0, 0, 0, 0, 0, 0, 0, 0, 0, 0, 0, 0, 0, 0, 0, 0, 0, 0, 0, 0, 0, 0, 0, 0, 0, 0, 0, 0,
 0, 0, 0, 0, 0, 0, 0, 0, 0, 0, 0, 0, 0, 0, 0, 0, 0, 0, 0, 0, 0, 0, 0, 0, 0, 0, 0, 0,
 0, 0, 0, 0, 0, 0, 0, 0, 0, 0, 0, 0, 0, 0, 0, 0, 0, 0, 0, 0, 0, 0, 0, 0, 0, 0, 0, 0,
 0, 0, 0, 0, 0, 0, 0, 0, 0, 0, 0, 0, 0, 0, 0, 0, 0, 0, 0, 0, 0, 0, 0, 0, 0, 0, 0, 0,
 0, 0, 0, 0, 0, 0, 0, 0, 0, 0, 0, 0, 0, 0, 0, 0, 0, 0, 0, 0, 0, 0, 0, 0, 0, 0, 0, 0,
 0, 0, 0, 0, 0, 0, 0, 0, 0, 0, 0, 0, 0, 0, 0, 0, 0, 0, 0, 0, 0, 0, 0, 0, 0, 0, 0, 0,
